# log10(T)  log10(Lambda)
4.0000000000e+00 -2.2252588192e+01
4.0048875855e+00 -2.2315672628e+01
4.0097751711e+00 -2.2378757064e+01
4.0146627566e+00 -2.2441841500e+01
4.0195503421e+00 -2.2504925936e+01
4.0244379277e+00 -2.2517488329e+01
4.0293255132e+00 -2.2525592297e+01
4.0342130987e+00 -2.2533696265e+01
4.0391006843e+00 -2.2541800233e+01
4.0439882698e+00 -2.2529271732e+01
4.0488758553e+00 -2.2510709253e+01
4.0537634409e+00 -2.2492146775e+01
4.0586510264e+00 -2.2473584297e+01
4.0635386119e+00 -2.2447651958e+01
4.0684261975e+00 -2.2417897965e+01
4.0733137830e+00 -2.2388143972e+01
4.0782013685e+00 -2.2358389978e+01
4.0830889541e+00 -2.2326808697e+01
4.0879765396e+00 -2.2293891404e+01
4.0928641251e+00 -2.2260974111e+01
4.0977517107e+00 -2.2228056819e+01
4.1026392962e+00 -2.2195351326e+01
4.1075268817e+00 -2.2162890315e+01
4.1124144673e+00 -2.2130429305e+01
4.1173020528e+00 -2.2097968294e+01
4.1221896383e+00 -2.2066538089e+01
4.1270772239e+00 -2.2037195311e+01
4.1319648094e+00 -2.2007852533e+01
4.1368523949e+00 -2.1978509755e+01
4.1417399804e+00 -2.1949896409e+01
4.1466275660e+00 -2.1924438096e+01
4.1515151515e+00 -2.1898979782e+01
4.1564027370e+00 -2.1873521469e+01
4.1612903226e+00 -2.1848884068e+01
4.1661779081e+00 -2.1831115641e+01
4.1710654936e+00 -2.1813347214e+01
4.1759530792e+00 -2.1795578787e+01
4.1808406647e+00 -2.1777810360e+01
4.1857282502e+00 -2.1766262737e+01
4.1906158358e+00 -2.1754905195e+01
4.1955034213e+00 -2.1743547653e+01
4.2003910068e+00 -2.1732190112e+01
4.2052785924e+00 -2.1726693421e+01
4.2101661779e+00 -2.1722230586e+01
4.2150537634e+00 -2.1717767752e+01
4.2199413490e+00 -2.1713304918e+01
4.2248289345e+00 -2.1713019460e+01
4.2297165200e+00 -2.1714111423e+01
4.2346041056e+00 -2.1715203387e+01
4.2394916911e+00 -2.1716295350e+01
4.2443792766e+00 -2.1720284550e+01
4.2492668622e+00 -2.1725971257e+01
4.2541544477e+00 -2.1731657963e+01
4.2590420332e+00 -2.1737344670e+01
4.2639296188e+00 -2.1743834453e+01
4.2688172043e+00 -2.1750993029e+01
4.2737047898e+00 -2.1758151605e+01
4.2785923754e+00 -2.1765310182e+01
4.2834799609e+00 -2.1773551664e+01
4.2883675464e+00 -2.1783367170e+01
4.2932551320e+00 -2.1793182675e+01
4.2981427175e+00 -2.1802998181e+01
4.3030303030e+00 -2.1812390576e+01
4.3079178886e+00 -2.1820885721e+01
4.3128054741e+00 -2.1829380866e+01
4.3176930596e+00 -2.1837876011e+01
4.3225806452e+00 -2.1846530186e+01
4.3274682307e+00 -2.1855816677e+01
4.3323558162e+00 -2.1865103168e+01
4.3372434018e+00 -2.1874389659e+01
4.3421309873e+00 -2.1883584441e+01
4.3470185728e+00 -2.1891972036e+01
4.3519061584e+00 -2.1900359630e+01
4.3567937439e+00 -2.1908747225e+01
4.3616813294e+00 -2.1917134820e+01
4.3665689150e+00 -2.1923445166e+01
4.3714565005e+00 -2.1929735557e+01
4.3763440860e+00 -2.1936025949e+01
4.3812316716e+00 -2.1942316340e+01
4.3861192571e+00 -2.1948060290e+01
4.3910068426e+00 -2.1953727027e+01
4.3958944282e+00 -2.1959393763e+01
4.4007820137e+00 -2.1965060499e+01
4.4056695992e+00 -2.1970260050e+01
4.4105571848e+00 -2.1975289008e+01
4.4154447703e+00 -2.1980317965e+01
4.4203323558e+00 -2.1985346922e+01
4.4252199413e+00 -2.1989160282e+01
4.4301075269e+00 -2.1992286660e+01
4.4349951124e+00 -2.1995413037e+01
4.4398826979e+00 -2.1998539415e+01
4.4447702835e+00 -2.2000851172e+01
4.4496578690e+00 -2.2002448662e+01
4.4545454545e+00 -2.2004046151e+01
4.4594330401e+00 -2.2005643640e+01
4.4643206256e+00 -2.2006927187e+01
4.4692082111e+00 -2.2007784273e+01
4.4740957967e+00 -2.2008641358e+01
4.4789833822e+00 -2.2009498444e+01
4.4838709677e+00 -2.2010105436e+01
4.4887585533e+00 -2.2010105436e+01
4.4936461388e+00 -2.2010105436e+01
4.4985337243e+00 -2.2010105436e+01
4.5034213099e+00 -2.2009897042e+01
4.5083088954e+00 -2.2008709428e+01
4.5131964809e+00 -2.2007521814e+01
4.5180840665e+00 -2.2006334199e+01
4.5229716520e+00 -2.2005054384e+01
4.5278592375e+00 -2.2002731708e+01
4.5327468231e+00 -2.2000409031e+01
4.5376344086e+00 -2.1998086355e+01
4.5425219941e+00 -2.1995763679e+01
4.5474095797e+00 -2.1992695919e+01
4.5522971652e+00 -2.1989599839e+01
4.5571847507e+00 -2.1986503759e+01
4.5620723363e+00 -2.1983407678e+01
4.5669599218e+00 -2.1979566318e+01
4.5718475073e+00 -2.1975601163e+01
4.5767350929e+00 -2.1971636007e+01
4.5816226784e+00 -2.1967670852e+01
4.5865102639e+00 -2.1962435323e+01
4.5913978495e+00 -2.1956715370e+01
4.5962854350e+00 -2.1950995417e+01
4.6011730205e+00 -2.1945275464e+01
4.6060606061e+00 -2.1939202676e+01
4.6109481916e+00 -2.1932912552e+01
4.6158357771e+00 -2.1926622428e+01
4.6207233627e+00 -2.1920332304e+01
4.6256109482e+00 -2.1913806278e+01
4.6304985337e+00 -2.1907048422e+01
4.6353861193e+00 -2.1900290566e+01
4.6402737048e+00 -2.1893532710e+01
4.6451612903e+00 -2.1886628473e+01
4.6500488759e+00 -2.1879495262e+01
4.6549364614e+00 -2.1872362051e+01
4.6598240469e+00 -2.1865228841e+01
4.6647116325e+00 -2.1857819490e+01
4.6695992180e+00 -2.1849713692e+01
4.6744868035e+00 -2.1841607894e+01
4.6793743891e+00 -2.1833502096e+01
4.6842619746e+00 -2.1825272212e+01
4.6891495601e+00 -2.1816456808e+01
4.6940371457e+00 -2.1807641404e+01
4.6989247312e+00 -2.1798826001e+01
4.7038123167e+00 -2.1789981001e+01
4.7086999022e+00 -2.1780615632e+01
4.7135874878e+00 -2.1771250263e+01
4.7184750733e+00 -2.1761884893e+01
4.7233626588e+00 -2.1752519524e+01
4.7282502444e+00 -2.1742862924e+01
4.7331378299e+00 -2.1733190148e+01
4.7380254154e+00 -2.1723517373e+01
4.7429130010e+00 -2.1713844597e+01
4.7478005865e+00 -2.1703993196e+01
4.7526881720e+00 -2.1694105156e+01
4.7575757576e+00 -2.1684217117e+01
4.7624633431e+00 -2.1674329077e+01
4.7673509286e+00 -2.1664084187e+01
4.7722385142e+00 -2.1653704662e+01
4.7771260997e+00 -2.1643325138e+01
4.7820136852e+00 -2.1632945613e+01
4.7869012708e+00 -2.1622633555e+01
4.7917888563e+00 -2.1612364031e+01
4.7966764418e+00 -2.1602094508e+01
4.8015640274e+00 -2.1591824985e+01
4.8064516129e+00 -2.1581644991e+01
4.8113391984e+00 -2.1571554177e+01
4.8162267840e+00 -2.1561463364e+01
4.8211143695e+00 -2.1551372550e+01
4.8260019550e+00 -2.1541486496e+01
4.8308895406e+00 -2.1531929112e+01
4.8357771261e+00 -2.1522371727e+01
4.8406647116e+00 -2.1512814342e+01
4.8455522972e+00 -2.1503641330e+01
4.8504398827e+00 -2.1495503170e+01
4.8553274682e+00 -2.1487365009e+01
4.8602150538e+00 -2.1479226849e+01
4.8651026393e+00 -2.1471224212e+01
4.8699902248e+00 -2.1463946751e+01
4.8748778104e+00 -2.1456669290e+01
4.8797653959e+00 -2.1449391829e+01
4.8846529814e+00 -2.1442211127e+01
4.8895405670e+00 -2.1436794411e+01
4.8944281525e+00 -2.1431377695e+01
4.8993157380e+00 -2.1425960978e+01
4.9042033236e+00 -2.1420544262e+01
4.9090909091e+00 -2.1415883392e+01
4.9139784946e+00 -2.1411271218e+01
4.9188660802e+00 -2.1406659045e+01
4.9237536657e+00 -2.1402046872e+01
4.9286412512e+00 -2.1398422985e+01
4.9335288368e+00 -2.1395018334e+01
4.9384164223e+00 -2.1391613683e+01
4.9433040078e+00 -2.1388209032e+01
4.9481915934e+00 -2.1385413088e+01
4.9530791789e+00 -2.1382867739e+01
4.9579667644e+00 -2.1380322391e+01
4.9628543500e+00 -2.1377777043e+01
4.9677419355e+00 -2.1375561982e+01
4.9726295210e+00 -2.1373570083e+01
4.9775171065e+00 -2.1371578184e+01
4.9824046921e+00 -2.1369586284e+01
4.9872922776e+00 -2.1368085338e+01
4.9921798631e+00 -2.1367110161e+01
4.9970674487e+00 -2.1366134983e+01
5.0019550342e+00 -2.1365159805e+01
5.0068426197e+00 -2.1364516253e+01
5.0117302053e+00 -2.1364516253e+01
5.0166177908e+00 -2.1364516253e+01
5.0215053763e+00 -2.1364516253e+01
5.0263929619e+00 -2.1364790829e+01
5.0312805474e+00 -2.1366025323e+01
5.0361681329e+00 -2.1367259817e+01
5.0410557185e+00 -2.1368494311e+01
5.0459433040e+00 -2.1369796086e+01
5.0508308895e+00 -2.1371560693e+01
5.0557184751e+00 -2.1373325301e+01
5.0606060606e+00 -2.1375089908e+01
5.0654936461e+00 -2.1376885382e+01
5.0703812317e+00 -2.1379174705e+01
5.0752688172e+00 -2.1381464029e+01
5.0801564027e+00 -2.1383753353e+01
5.0850439883e+00 -2.1386042676e+01
5.0899315738e+00 -2.1388117620e+01
5.0948191593e+00 -2.1390181172e+01
5.0997067449e+00 -2.1392244725e+01
5.1045943304e+00 -2.1394308278e+01
5.1094819159e+00 -2.1395556506e+01
5.1143695015e+00 -2.1396616727e+01
5.1192570870e+00 -2.1397676948e+01
5.1241446725e+00 -2.1398737169e+01
5.1290322581e+00 -2.1399027104e+01
5.1339198436e+00 -2.1399027104e+01
5.1388074291e+00 -2.1399027104e+01
5.1436950147e+00 -2.1399027104e+01
5.1485826002e+00 -2.1398577821e+01
5.1534701857e+00 -2.1397783608e+01
5.1583577713e+00 -2.1396989394e+01
5.1632453568e+00 -2.1396195180e+01
5.1681329423e+00 -2.1395035077e+01
5.1730205279e+00 -2.1393461749e+01
5.1779081134e+00 -2.1391888421e+01
5.1827956989e+00 -2.1390315093e+01
5.1876832845e+00 -2.1388660002e+01
5.1925708700e+00 -2.1386871580e+01
5.1974584555e+00 -2.1385083158e+01
5.2023460411e+00 -2.1383294737e+01
5.2072336266e+00 -2.1381511099e+01
5.2121212121e+00 -2.1379741878e+01
5.2170087977e+00 -2.1377972657e+01
5.2218963832e+00 -2.1376203436e+01
5.2267839687e+00 -2.1374439617e+01
5.2316715543e+00 -2.1372708128e+01
5.2365591398e+00 -2.1370976638e+01
5.2414467253e+00 -2.1369245148e+01
5.2463343109e+00 -2.1367517952e+01
5.2512218964e+00 -2.1366042343e+01
5.2561094819e+00 -2.1364566735e+01
5.2609970674e+00 -2.1363091127e+01
5.2658846530e+00 -2.1361615519e+01
5.2707722385e+00 -2.1360175094e+01
5.2756598240e+00 -2.1358737359e+01
5.2805474096e+00 -2.1357299624e+01
5.2854349951e+00 -2.1355861888e+01
5.2903225806e+00 -2.1354437198e+01
5.2952101662e+00 -2.1353015955e+01
5.3000977517e+00 -2.1351594711e+01
5.3049853372e+00 -2.1350173468e+01
5.3098729228e+00 -2.1348596032e+01
5.3147605083e+00 -2.1346938695e+01
5.3196480938e+00 -2.1345281358e+01
5.3245356794e+00 -2.1343624021e+01
5.3294232649e+00 -2.1342130595e+01
5.3343108504e+00 -2.1340751177e+01
5.3391984360e+00 -2.1339371760e+01
5.3440860215e+00 -2.1337992342e+01
5.3489736070e+00 -2.1336824090e+01
5.3538611926e+00 -2.1335907585e+01
5.3587487781e+00 -2.1334991081e+01
5.3636363636e+00 -2.1334074576e+01
5.3685239492e+00 -2.1333643588e+01
5.3734115347e+00 -2.1334100693e+01
5.3782991202e+00 -2.1334557798e+01
5.3831867058e+00 -2.1335014903e+01
5.3880742913e+00 -2.1335931552e+01
5.3929618768e+00 -2.1338231563e+01
5.3978494624e+00 -2.1340531573e+01
5.4027370479e+00 -2.1342831584e+01
5.4076246334e+00 -2.1345393724e+01
5.4125122190e+00 -2.1349926466e+01
5.4173998045e+00 -2.1354459207e+01
5.4222873900e+00 -2.1358991949e+01
5.4271749756e+00 -2.1363533269e+01
5.4320625611e+00 -2.1371154996e+01
5.4369501466e+00 -2.1378776723e+01
5.4418377322e+00 -2.1386398451e+01
5.4467253177e+00 -2.1394020178e+01
5.4516129032e+00 -2.1403677844e+01
5.4565004888e+00 -2.1413533267e+01
5.4613880743e+00 -2.1423388690e+01
5.4662756598e+00 -2.1433244112e+01
5.4711632454e+00 -2.1443921052e+01
5.4760508309e+00 -2.1454819072e+01
5.4809384164e+00 -2.1465717092e+01
5.4858260020e+00 -2.1476615112e+01
5.4907135875e+00 -2.1487144872e+01
5.4956011730e+00 -2.1497496205e+01
5.5004887586e+00 -2.1507847537e+01
5.5053763441e+00 -2.1518198869e+01
5.5102639296e+00 -2.1527716746e+01
5.5151515152e+00 -2.1536546885e+01
5.5200391007e+00 -2.1545377025e+01
5.5249266862e+00 -2.1554207164e+01
5.5298142717e+00 -2.1562084692e+01
5.5347018573e+00 -2.1568783337e+01
5.5395894428e+00 -2.1575481983e+01
5.5444770283e+00 -2.1582180628e+01
5.5493646139e+00 -2.1588192993e+01
5.5542521994e+00 -2.1592781924e+01
5.5591397849e+00 -2.1597370855e+01
5.5640273705e+00 -2.1601959786e+01
5.5689149560e+00 -2.1606207945e+01
5.5738025415e+00 -2.1609233717e+01
5.5786901271e+00 -2.1612259490e+01
5.5835777126e+00 -2.1615285262e+01
5.5884652981e+00 -2.1618125943e+01
5.5933528837e+00 -2.1619444667e+01
5.5982404692e+00 -2.1620763390e+01
5.6031280547e+00 -2.1622082113e+01
5.6080156403e+00 -2.1623400836e+01
5.6129032258e+00 -2.1624299805e+01
5.6177908113e+00 -2.1625191584e+01
5.6226783969e+00 -2.1626083363e+01
5.6275659824e+00 -2.1626975142e+01
5.6324535679e+00 -2.1627873889e+01
5.6373411535e+00 -2.1628773646e+01
5.6422287390e+00 -2.1629673403e+01
5.6471163245e+00 -2.1630573160e+01
5.6520039101e+00 -2.1631129955e+01
5.6568914956e+00 -2.1631581695e+01
5.6617790811e+00 -2.1632033435e+01
5.6666666667e+00 -2.1632485176e+01
5.6715542522e+00 -2.1633534153e+01
5.6764418377e+00 -2.1634907213e+01
5.6813294233e+00 -2.1636280272e+01
5.6862170088e+00 -2.1637653332e+01
5.6911045943e+00 -2.1639290599e+01
5.6959921799e+00 -2.1641144644e+01
5.7008797654e+00 -2.1642998689e+01
5.7057673509e+00 -2.1644852734e+01
5.7106549365e+00 -2.1647136491e+01
5.7155425220e+00 -2.1649967830e+01
5.7204301075e+00 -2.1652799169e+01
5.7253176931e+00 -2.1655630508e+01
5.7302052786e+00 -2.1659115744e+01
5.7350928641e+00 -2.1664040183e+01
5.7399804497e+00 -2.1668964622e+01
5.7448680352e+00 -2.1673889060e+01
5.7497556207e+00 -2.1679082013e+01
5.7546432063e+00 -2.1685286748e+01
5.7595307918e+00 -2.1691491483e+01
5.7644183773e+00 -2.1697696218e+01
5.7693059629e+00 -2.1703937669e+01
5.7741935484e+00 -2.1710544795e+01
5.7790811339e+00 -2.1717151921e+01
5.7839687195e+00 -2.1723759047e+01
5.7888563050e+00 -2.1730366173e+01
5.7937438905e+00 -2.1738008007e+01
5.7986314761e+00 -2.1745669124e+01
5.8035190616e+00 -2.1753330241e+01
5.8084066471e+00 -2.1760991359e+01
5.8132942326e+00 -2.1766873684e+01
5.8181818182e+00 -2.1772500409e+01
5.8230694037e+00 -2.1778127134e+01
5.8279569892e+00 -2.1783753859e+01
5.8328445748e+00 -2.1789640064e+01
5.8377321603e+00 -2.1795612403e+01
5.8426197458e+00 -2.1801584743e+01
5.8475073314e+00 -2.1807557082e+01
5.8523949169e+00 -2.1811452087e+01
5.8572825024e+00 -2.1814211227e+01
5.8621700880e+00 -2.1816970367e+01
5.8670576735e+00 -2.1819729507e+01
5.8719452590e+00 -2.1822527495e+01
5.8768328446e+00 -2.1825359769e+01
5.8817204301e+00 -2.1828192044e+01
5.8866080156e+00 -2.1831024318e+01
5.8914956012e+00 -2.1832981651e+01
5.8963831867e+00 -2.1833702997e+01
5.9012707722e+00 -2.1834424344e+01
5.9061583578e+00 -2.1835145690e+01
5.9110459433e+00 -2.1836091906e+01
5.9159335288e+00 -2.1837550923e+01
5.9208211144e+00 -2.1839009939e+01
5.9257086999e+00 -2.1840468956e+01
5.9305962854e+00 -2.1841637508e+01
5.9354838710e+00 -2.1841637508e+01
5.9403714565e+00 -2.1841637508e+01
5.9452590420e+00 -2.1841637508e+01
5.9501466276e+00 -2.1841700009e+01
5.9550342131e+00 -2.1842435799e+01
5.9599217986e+00 -2.1843171589e+01
5.9648093842e+00 -2.1843907379e+01
5.9696969697e+00 -2.1844643169e+01
5.9745845552e+00 -2.1846109059e+01
5.9794721408e+00 -2.1847596181e+01
5.9843597263e+00 -2.1849083304e+01
5.9892473118e+00 -2.1850570427e+01
5.9941348974e+00 -2.1850780887e+01
5.9990224829e+00 -2.1850780887e+01
6.0039100684e+00 -2.1852611775e+01
6.0087976540e+00 -2.1854900386e+01
6.0136852395e+00 -2.1857188996e+01
6.0185728250e+00 -2.1859477606e+01
6.0234604106e+00 -2.1861242430e+01
6.0283479961e+00 -2.1862802457e+01
6.0332355816e+00 -2.1864362483e+01
6.0381231672e+00 -2.1865922509e+01
6.0430107527e+00 -2.1868001038e+01
6.0478983382e+00 -2.1870352961e+01
6.0527859238e+00 -2.1872704884e+01
6.0576735093e+00 -2.1875056807e+01
6.0625610948e+00 -2.1877448384e+01
6.0674486804e+00 -2.1879874304e+01
6.0723362659e+00 -2.1882300223e+01
6.0772238514e+00 -2.1884726142e+01
6.0821114370e+00 -2.1886795188e+01
6.0869990225e+00 -2.1888430771e+01
6.0918866080e+00 -2.1890066353e+01
6.0967741935e+00 -2.1891701936e+01
6.1016617791e+00 -2.1893637265e+01
6.1065493646e+00 -2.1896168323e+01
6.1114369501e+00 -2.1898699380e+01
6.1163245357e+00 -2.1901230437e+01
6.1212121212e+00 -2.1903544980e+01
6.1260997067e+00 -2.1905259947e+01
6.1309872923e+00 -2.1906974915e+01
6.1358748778e+00 -2.1908689882e+01
6.1407624633e+00 -2.1910568816e+01
6.1456500489e+00 -2.1913190980e+01
6.1505376344e+00 -2.1915813144e+01
6.1554252199e+00 -2.1918435308e+01
6.1603128055e+00 -2.1921060263e+01
6.1652003910e+00 -2.1923713082e+01
6.1700879765e+00 -2.1926365901e+01
6.1749755621e+00 -2.1929018719e+01
6.1798631476e+00 -2.1931671538e+01
6.1847507331e+00 -2.1935324578e+01
6.1896383187e+00 -2.1939034439e+01
6.1945259042e+00 -2.1942744299e+01
6.1994134897e+00 -2.1946454159e+01
6.2043010753e+00 -2.1950251539e+01
6.2091886608e+00 -2.1954061534e+01
6.2140762463e+00 -2.1957871530e+01
6.2189638319e+00 -2.1961681526e+01
6.2238514174e+00 -2.1966401579e+01
6.2287390029e+00 -2.1971399819e+01
6.2336265885e+00 -2.1976398058e+01
6.2385141740e+00 -2.1981396297e+01
6.2434017595e+00 -2.1987287272e+01
6.2482893451e+00 -2.1993587224e+01
6.2531769306e+00 -2.1999887175e+01
6.2580645161e+00 -2.2006187127e+01
6.2629521017e+00 -2.2012512734e+01
6.2678396872e+00 -2.2018856215e+01
6.2727272727e+00 -2.2025199695e+01
6.2776148583e+00 -2.2031543176e+01
6.2825024438e+00 -2.2038242514e+01
6.2873900293e+00 -2.2045316925e+01
6.2922776149e+00 -2.2052391336e+01
6.2971652004e+00 -2.2059465747e+01
6.3020527859e+00 -2.2066727540e+01
6.3069403715e+00 -2.2074236023e+01
6.3118279570e+00 -2.2081744506e+01
6.3167155425e+00 -2.2089252990e+01
6.3216031281e+00 -2.2096604923e+01
6.3264907136e+00 -2.2103653770e+01
6.3313782991e+00 -2.2110702617e+01
6.3362658847e+00 -2.2117751464e+01
6.3411534702e+00 -2.2124788906e+01
6.3460410557e+00 -2.2131787364e+01
6.3509286413e+00 -2.2138785821e+01
6.3558162268e+00 -2.2145784279e+01
6.3607038123e+00 -2.2152760432e+01
6.3655913978e+00 -2.2159598271e+01
6.3704789834e+00 -2.2166436111e+01
6.3753665689e+00 -2.2173273951e+01
6.3802541544e+00 -2.2180102205e+01
6.3851417400e+00 -2.2186730811e+01
6.3900293255e+00 -2.2193359416e+01
6.3949169110e+00 -2.2199988021e+01
6.3998044966e+00 -2.2206616626e+01
6.4046920821e+00 -2.2213510307e+01
6.4095796676e+00 -2.2220416192e+01
6.4144672532e+00 -2.2227322078e+01
6.4193548387e+00 -2.2234227963e+01
6.4242424242e+00 -2.2240677928e+01
6.4291300098e+00 -2.2247063981e+01
6.4340175953e+00 -2.2253450034e+01
6.4389051808e+00 -2.2259836086e+01
6.4437927664e+00 -2.2266375183e+01
6.4486803519e+00 -2.2272956599e+01
6.4535679374e+00 -2.2279538015e+01
6.4584555230e+00 -2.2286119431e+01
6.4633431085e+00 -2.2292553394e+01
6.4682306940e+00 -2.2298919539e+01
6.4731182796e+00 -2.2305285685e+01
6.4780058651e+00 -2.2311651831e+01
6.4828934506e+00 -2.2317856648e+01
6.4877810362e+00 -2.2323949623e+01
6.4926686217e+00 -2.2330042598e+01
6.4975562072e+00 -2.2336135574e+01
6.5024437928e+00 -2.2342035757e+01
6.5073313783e+00 -2.2347749072e+01
6.5122189638e+00 -2.2353462388e+01
6.5171065494e+00 -2.2359175703e+01
6.5219941349e+00 -2.2364702469e+01
6.5268817204e+00 -2.2369967725e+01
6.5317693060e+00 -2.2375232982e+01
6.5366568915e+00 -2.2380498238e+01
6.5415444770e+00 -2.2385496553e+01
6.5464320626e+00 -2.2389941571e+01
6.5513196481e+00 -2.2394386589e+01
6.5562072336e+00 -2.2398831608e+01
6.5610948192e+00 -2.2403201455e+01
6.5659824047e+00 -2.2407302646e+01
6.5708699902e+00 -2.2411403837e+01
6.5757575758e+00 -2.2415505027e+01
6.5806451613e+00 -2.2419515388e+01
6.5855327468e+00 -2.2422915309e+01
6.5904203324e+00 -2.2426315230e+01
6.5953079179e+00 -2.2429715151e+01
6.6001955034e+00 -2.2433106988e+01
6.6050830890e+00 -2.2436312582e+01
6.6099706745e+00 -2.2439518176e+01
6.6148582600e+00 -2.2442723770e+01
6.6197458456e+00 -2.2445929364e+01
6.6246334311e+00 -2.2448954548e+01
6.6295210166e+00 -2.2451968518e+01
6.6344086022e+00 -2.2454982488e+01
6.6392961877e+00 -2.2457996458e+01
6.6441837732e+00 -2.2460538728e+01
6.6490713587e+00 -2.2463003715e+01
6.6539589443e+00 -2.2465468701e+01
6.6588465298e+00 -2.2467933687e+01
6.6637341153e+00 -2.2470449689e+01
6.6686217009e+00 -2.2472981652e+01
6.6735092864e+00 -2.2475513615e+01
6.6783968719e+00 -2.2478045578e+01
6.6832844575e+00 -2.2480170943e+01
6.6881720430e+00 -2.2482102839e+01
6.6930596285e+00 -2.2484034735e+01
6.6979472141e+00 -2.2485966631e+01
6.7028347996e+00 -2.2488114505e+01
6.7077223851e+00 -2.2490420235e+01
6.7126099707e+00 -2.2492725965e+01
6.7174975562e+00 -2.2495031695e+01
6.7223851417e+00 -2.2497030735e+01
6.7272727273e+00 -2.2498709623e+01
6.7321603128e+00 -2.2500388511e+01
6.7370478983e+00 -2.2502067400e+01
6.7419354839e+00 -2.2503756167e+01
6.7468230694e+00 -2.2505459592e+01
6.7517106549e+00 -2.2507163017e+01
6.7565982405e+00 -2.2508866442e+01
6.7614858260e+00 -2.2510361734e+01
6.7663734115e+00 -2.2511394122e+01
6.7712609971e+00 -2.2512426510e+01
6.7761485826e+00 -2.2513458899e+01
6.7810361681e+00 -2.2514494017e+01
6.7859237537e+00 -2.2515539655e+01
6.7908113392e+00 -2.2516585292e+01
6.7956989247e+00 -2.2517630930e+01
6.8005865103e+00 -2.2518637594e+01
6.8054740958e+00 -2.2519341343e+01
6.8103616813e+00 -2.2520045092e+01
6.8152492669e+00 -2.2520748840e+01
6.8201368524e+00 -2.2521452715e+01
6.8250244379e+00 -2.2522161110e+01
6.8299120235e+00 -2.2522869504e+01
6.8347996090e+00 -2.2523577898e+01
6.8396871945e+00 -2.2524286292e+01
6.8445747801e+00 -2.2524328812e+01
6.8494623656e+00 -2.2524328812e+01
6.8543499511e+00 -2.2524328812e+01
6.8592375367e+00 -2.2524328812e+01
6.8641251222e+00 -2.2524629949e+01
6.8690127077e+00 -2.2524984892e+01
6.8739002933e+00 -2.2525339835e+01
6.8787878788e+00 -2.2525694778e+01
6.8836754643e+00 -2.2525783736e+01
6.8885630499e+00 -2.2525783736e+01
6.8934506354e+00 -2.2525783736e+01
6.8983382209e+00 -2.2525783736e+01
6.9032258065e+00 -2.2526019911e+01
6.9081133920e+00 -2.2526376048e+01
6.9130009775e+00 -2.2526732185e+01
6.9178885630e+00 -2.2527088321e+01
6.9227761486e+00 -2.2527445490e+01
6.9276637341e+00 -2.2527803455e+01
6.9325513196e+00 -2.2528161420e+01
6.9374389052e+00 -2.2528519385e+01
6.9423264907e+00 -2.2528878114e+01
6.9472140762e+00 -2.2529237697e+01
6.9521016618e+00 -2.2529597279e+01
6.9569892473e+00 -2.2529956861e+01
6.9618768328e+00 -2.2530316692e+01
6.9667644184e+00 -2.2530676921e+01
6.9716520039e+00 -2.2531037150e+01
6.9765395894e+00 -2.2531397379e+01
6.9814271750e+00 -2.2531863747e+01
6.9863147605e+00 -2.2532588326e+01
6.9912023460e+00 -2.2533312906e+01
6.9960899316e+00 -2.2534037485e+01
7.0009775171e+00 -2.2534836943e+01
7.0058651026e+00 -2.2535935916e+01
7.0107526882e+00 -2.2537034889e+01
7.0156402737e+00 -2.2538133862e+01
7.0205278592e+00 -2.2539234749e+01
7.0254154448e+00 -2.2540349819e+01
7.0303030303e+00 -2.2541464889e+01
7.0351906158e+00 -2.2542579959e+01
7.0400782014e+00 -2.2543715292e+01
7.0449657869e+00 -2.2545200389e+01
7.0498533724e+00 -2.2546685487e+01
7.0547409580e+00 -2.2548170584e+01
7.0596285435e+00 -2.2549655682e+01
7.0645161290e+00 -2.2552252287e+01
7.0694037146e+00 -2.2554925034e+01
7.0742913001e+00 -2.2557597780e+01
7.0791788856e+00 -2.2560270526e+01
7.0840664712e+00 -2.2562648977e+01
7.0889540567e+00 -2.2564976122e+01
7.0938416422e+00 -2.2567303267e+01
7.0987292278e+00 -2.2569630411e+01
7.1036168133e+00 -2.2572315197e+01
7.1085043988e+00 -2.2575129103e+01
7.1133919844e+00 -2.2577943008e+01
7.1182795699e+00 -2.2580756914e+01
7.1231671554e+00 -2.2583892349e+01
7.1280547410e+00 -2.2587189533e+01
7.1329423265e+00 -2.2590486718e+01
7.1378299120e+00 -2.2593783902e+01
7.1427174976e+00 -2.2597139891e+01
7.1476050831e+00 -2.2600538333e+01
7.1524926686e+00 -2.2603936775e+01
7.1573802542e+00 -2.2607335217e+01
7.1622678397e+00 -2.2610982558e+01
7.1671554252e+00 -2.2614887882e+01
7.1720430108e+00 -2.2618793207e+01
7.1769305963e+00 -2.2622698532e+01
7.1818181818e+00 -2.2626358736e+01
7.1867057674e+00 -2.2629556124e+01
7.1915933529e+00 -2.2632753512e+01
7.1964809384e+00 -2.2635950899e+01
7.2013685239e+00 -2.2639297667e+01
7.2062561095e+00 -2.2643040215e+01
7.2111436950e+00 -2.2646782763e+01
7.2160312805e+00 -2.2650525311e+01
7.2209188661e+00 -2.2654212754e+01
7.2258064516e+00 -2.2657623117e+01
7.2306940371e+00 -2.2661033480e+01
7.2355816227e+00 -2.2664443843e+01
7.2404692082e+00 -2.2667819051e+01
7.2453567937e+00 -2.2670819760e+01
7.2502443793e+00 -2.2673820470e+01
7.2551319648e+00 -2.2676821179e+01
7.2600195503e+00 -2.2679821888e+01
7.2649071359e+00 -2.2682389847e+01
7.2697947214e+00 -2.2684953167e+01
7.2746823069e+00 -2.2687516487e+01
7.2795698925e+00 -2.2690079807e+01
7.2844574780e+00 -2.2692250667e+01
7.2893450635e+00 -2.2694371458e+01
7.2942326491e+00 -2.2696492248e+01
7.2991202346e+00 -2.2698613039e+01
7.3040078201e+00 -2.2700753667e+01
7.3088954057e+00 -2.2702898311e+01
7.3137829912e+00 -2.2705042954e+01
7.3186705767e+00 -2.2707187598e+01
7.3235581623e+00 -2.2708949747e+01
7.3284457478e+00 -2.2710577922e+01
7.3333333333e+00 -2.2712206097e+01
7.3382209189e+00 -2.2713834273e+01
7.3431085044e+00 -2.2715135893e+01
7.3479960899e+00 -2.2716242681e+01
7.3528836755e+00 -2.2717349468e+01
7.3577712610e+00 -2.2718456256e+01
7.3626588465e+00 -2.2719266773e+01
7.3675464321e+00 -2.2719823757e+01
7.3724340176e+00 -2.2720380741e+01
7.3773216031e+00 -2.2720937725e+01
7.3822091887e+00 -2.2721496216e+01
7.3870967742e+00 -2.2722056581e+01
7.3919843597e+00 -2.2722616946e+01
7.3968719453e+00 -2.2723177311e+01
7.4017595308e+00 -2.2723538196e+01
7.4066471163e+00 -2.2723538196e+01
7.4115347019e+00 -2.2723538196e+01
7.4164222874e+00 -2.2723538196e+01
7.4213098729e+00 -2.2723538196e+01
7.4261974585e+00 -2.2723538196e+01
7.4310850440e+00 -2.2723538196e+01
7.4359726295e+00 -2.2723538196e+01
7.4408602151e+00 -2.2723435652e+01
7.4457478006e+00 -2.2722876460e+01
7.4506353861e+00 -2.2722317268e+01
7.4555229717e+00 -2.2721758076e+01
7.4604105572e+00 -2.2721199087e+01
7.4652981427e+00 -2.2720642285e+01
7.4701857283e+00 -2.2720085483e+01
7.4750733138e+00 -2.2719528680e+01
7.4799608993e+00 -2.2718971878e+01
7.4848484848e+00 -2.2718416395e+01
7.4897360704e+00 -2.2717860925e+01
7.4946236559e+00 -2.2717305455e+01
7.4995112414e+00 -2.2716749984e+01
7.5043988270e+00 -2.2715700210e+01
7.5092864125e+00 -2.2714600233e+01
7.5141739980e+00 -2.2713500256e+01
7.5190615836e+00 -2.2712400279e+01
7.5239491691e+00 -2.2710868352e+01
7.5288367546e+00 -2.2709239252e+01
7.5337243402e+00 -2.2707610153e+01
7.5386119257e+00 -2.2705981053e+01
7.5434995112e+00 -2.2704374324e+01
7.5483870968e+00 -2.2702776061e+01
7.5532746823e+00 -2.2701177798e+01
7.5581622678e+00 -2.2699579535e+01
7.5630498534e+00 -2.2697991775e+01
7.5679374389e+00 -2.2696410491e+01
7.5728250244e+00 -2.2694829206e+01
7.5777126100e+00 -2.2693247922e+01
7.5826001955e+00 -2.2691678682e+01
7.5874877810e+00 -2.2690120144e+01
7.5923753666e+00 -2.2688561605e+01
7.5972629521e+00 -2.2687003067e+01
7.6021505376e+00 -2.2685456498e+01
7.6070381232e+00 -2.2683925066e+01
7.6119257087e+00 -2.2682393634e+01
7.6168132942e+00 -2.2680862201e+01
7.6217008798e+00 -2.2679335965e+01
7.6265884653e+00 -2.2677819749e+01
7.6314760508e+00 -2.2676303533e+01
7.6363636364e+00 -2.2674787317e+01
7.6412512219e+00 -2.2673150574e+01
7.6461388074e+00 -2.2671169402e+01
7.6510263930e+00 -2.2669188230e+01
7.6559139785e+00 -2.2667207057e+01
7.6608015640e+00 -2.2665230732e+01
7.6656891496e+00 -2.2663279532e+01
7.6705767351e+00 -2.2661328332e+01
7.6754643206e+00 -2.2659377132e+01
7.6803519062e+00 -2.2657429230e+01
7.6852394917e+00 -2.2655520542e+01
7.6901270772e+00 -2.2653611853e+01
7.6950146628e+00 -2.2651703164e+01
7.6999022483e+00 -2.2649794475e+01
7.7047898338e+00 -2.2648370242e+01
7.7096774194e+00 -2.2646957040e+01
7.7145650049e+00 -2.2645543838e+01
7.7194525904e+00 -2.2644130636e+01
7.7243401760e+00 -2.2642323389e+01
7.7292277615e+00 -2.2640467073e+01
7.7341153470e+00 -2.2638610756e+01
7.7390029326e+00 -2.2636754440e+01
7.7438905181e+00 -2.2635288988e+01
7.7487781036e+00 -2.2633919665e+01
7.7536656891e+00 -2.2632550341e+01
7.7585532747e+00 -2.2631181018e+01
7.7634408602e+00 -2.2629510397e+01
7.7683284457e+00 -2.2627716813e+01
7.7732160313e+00 -2.2625923228e+01
7.7781036168e+00 -2.2624129643e+01
7.7829912023e+00 -2.2622617355e+01
7.7878787879e+00 -2.2621287926e+01
7.7927663734e+00 -2.2619958498e+01
7.7976539589e+00 -2.2618629069e+01
7.8025415445e+00 -2.2617307240e+01
7.8074291300e+00 -2.2615992596e+01
7.8123167155e+00 -2.2614677952e+01
7.8172043011e+00 -2.2613363308e+01
7.8220918866e+00 -2.2612055563e+01
7.8269794721e+00 -2.2610757069e+01
7.8318670577e+00 -2.2609458575e+01
7.8367546432e+00 -2.2608160081e+01
7.8416422287e+00 -2.2606867389e+01
7.8465298143e+00 -2.2605585959e+01
7.8514173998e+00 -2.2604304530e+01
7.8563049853e+00 -2.2603023100e+01
7.8611925709e+00 -2.2601850275e+01
7.8660801564e+00 -2.2601006045e+01
7.8709677419e+00 -2.2600161815e+01
7.8758553275e+00 -2.2599317584e+01
7.8807429130e+00 -2.2598411578e+01
7.8856304985e+00 -2.2597153778e+01
7.8905180841e+00 -2.2595895978e+01
7.8954056696e+00 -2.2594638179e+01
7.9002932551e+00 -2.2593433629e+01
7.9051808407e+00 -2.2593018949e+01
7.9100684262e+00 -2.2592604269e+01
7.9149560117e+00 -2.2592189589e+01
7.9198435973e+00 -2.2591774909e+01
7.9247311828e+00 -2.2590963692e+01
7.9296187683e+00 -2.2590137722e+01
7.9345063539e+00 -2.2589311752e+01
7.9393939394e+00 -2.2588485782e+01
7.9442815249e+00 -2.2588021741e+01
7.9491691105e+00 -2.2587610690e+01
7.9540566960e+00 -2.2587199639e+01
7.9589442815e+00 -2.2586788589e+01
7.9638318671e+00 -2.2586379293e+01
7.9687194526e+00 -2.2585970479e+01
7.9736070381e+00 -2.2585561664e+01
7.9784946237e+00 -2.2585152849e+01
7.9833822092e+00 -2.2584744952e+01
7.9882697947e+00 -2.2584337464e+01
7.9931573803e+00 -2.2583929976e+01
7.9980449658e+00 -2.2583522488e+01
8.0029325513e+00 -2.2959855742e+01
8.0078201369e+00 -2.2962495038e+01
8.0127077224e+00 -2.2965134334e+01
8.0175953079e+00 -2.2967773630e+01
8.0224828935e+00 -2.2970412926e+01
8.0273704790e+00 -2.2973052223e+01
8.0322580645e+00 -2.2975691519e+01
8.0371456500e+00 -2.2978330815e+01
8.0420332356e+00 -2.2980970111e+01
8.0469208211e+00 -2.2983609407e+01
8.0518084066e+00 -2.2986248704e+01
8.0566959922e+00 -2.2988888000e+01
8.0615835777e+00 -2.2991527296e+01
8.0664711632e+00 -2.2994166592e+01
8.0713587488e+00 -2.2996805888e+01
8.0762463343e+00 -2.2999445185e+01
8.0811339198e+00 -2.3002084481e+01
8.0860215054e+00 -2.3004723777e+01
8.0909090909e+00 -2.3007363073e+01
8.0957966764e+00 -2.3010002369e+01
8.1006842620e+00 -2.3012641665e+01
8.1055718475e+00 -2.3015280962e+01
8.1104594330e+00 -2.3017920258e+01
8.1153470186e+00 -2.3020559554e+01
8.1202346041e+00 -2.3023198850e+01
8.1251221896e+00 -2.3025838146e+01
8.1300097752e+00 -2.3028477443e+01
8.1348973607e+00 -2.3031116739e+01
8.1397849462e+00 -2.3033756035e+01
8.1446725318e+00 -2.3036395331e+01
8.1495601173e+00 -2.3039034627e+01
8.1544477028e+00 -2.3041673924e+01
8.1593352884e+00 -2.3044313220e+01
8.1642228739e+00 -2.3046952516e+01
8.1691104594e+00 -2.3049591812e+01
8.1739980450e+00 -2.3052231108e+01
8.1788856305e+00 -2.3054870404e+01
8.1837732160e+00 -2.3057509701e+01
8.1886608016e+00 -2.3060148997e+01
8.1935483871e+00 -2.3062788293e+01
8.1984359726e+00 -2.3065427589e+01
8.2033235582e+00 -2.3068066885e+01
8.2082111437e+00 -2.3070706182e+01
8.2130987292e+00 -2.3073345478e+01
8.2179863148e+00 -2.3075984774e+01
8.2228739003e+00 -2.3078624070e+01
8.2277614858e+00 -2.3081263366e+01
8.2326490714e+00 -2.3083902663e+01
8.2375366569e+00 -2.3086541959e+01
8.2424242424e+00 -2.3089181255e+01
8.2473118280e+00 -2.3091820551e+01
8.2521994135e+00 -2.3094459847e+01
8.2570869990e+00 -2.3097099143e+01
8.2619745846e+00 -2.3099738440e+01
8.2668621701e+00 -2.3102377736e+01
8.2717497556e+00 -2.3105017032e+01
8.2766373412e+00 -2.3107656328e+01
8.2815249267e+00 -2.3110295624e+01
8.2864125122e+00 -2.3112934921e+01
8.2913000978e+00 -2.3115574217e+01
8.2961876833e+00 -2.3118213513e+01
8.3010752688e+00 -2.3120852809e+01
8.3059628543e+00 -2.3123492105e+01
8.3108504399e+00 -2.3126131402e+01
8.3157380254e+00 -2.3128770698e+01
8.3206256109e+00 -2.3131409994e+01
8.3255131965e+00 -2.3134049290e+01
8.3304007820e+00 -2.3136688586e+01
8.3352883675e+00 -2.3139327882e+01
8.3401759531e+00 -2.3141967179e+01
8.3450635386e+00 -2.3144606475e+01
8.3499511241e+00 -2.3147245771e+01
8.3548387097e+00 -2.3149885067e+01
8.3597262952e+00 -2.3152524363e+01
8.3646138807e+00 -2.3155163660e+01
8.3695014663e+00 -2.3157802956e+01
8.3743890518e+00 -2.3160442252e+01
8.3792766373e+00 -2.3163081548e+01
8.3841642229e+00 -2.3165720844e+01
8.3890518084e+00 -2.3168360141e+01
8.3939393939e+00 -2.3170999437e+01
8.3988269795e+00 -2.3173638733e+01
8.4037145650e+00 -2.3176278029e+01
8.4086021505e+00 -2.3178917325e+01
8.4134897361e+00 -2.3181556621e+01
8.4183773216e+00 -2.3184195918e+01
8.4232649071e+00 -2.3186835214e+01
8.4281524927e+00 -2.3189474510e+01
8.4330400782e+00 -2.3192113806e+01
8.4379276637e+00 -2.3194753102e+01
8.4428152493e+00 -2.3197392399e+01
8.4477028348e+00 -2.3200031695e+01
8.4525904203e+00 -2.3202670991e+01
8.4574780059e+00 -2.3205310287e+01
8.4623655914e+00 -2.3207949583e+01
8.4672531769e+00 -2.3210588880e+01
8.4721407625e+00 -2.3213228176e+01
8.4770283480e+00 -2.3215867472e+01
8.4819159335e+00 -2.3218506768e+01
8.4868035191e+00 -2.3221146064e+01
8.4916911046e+00 -2.3223785360e+01
8.4965786901e+00 -2.3226424657e+01
8.5014662757e+00 -2.3229063953e+01
8.5063538612e+00 -2.3231703249e+01
8.5112414467e+00 -2.3234342545e+01
8.5161290323e+00 -2.3236981841e+01
8.5210166178e+00 -2.3239621138e+01
8.5259042033e+00 -2.3242260434e+01
8.5307917889e+00 -2.3244899730e+01
8.5356793744e+00 -2.3247539026e+01
8.5405669599e+00 -2.3250178322e+01
8.5454545455e+00 -2.3252817619e+01
8.5503421310e+00 -2.3255456915e+01
8.5552297165e+00 -2.3258096211e+01
8.5601173021e+00 -2.3260735507e+01
8.5650048876e+00 -2.3263374803e+01
8.5698924731e+00 -2.3266014099e+01
8.5747800587e+00 -2.3268653396e+01
8.5796676442e+00 -2.3271292692e+01
8.5845552297e+00 -2.3273931988e+01
8.5894428152e+00 -2.3276571284e+01
8.5943304008e+00 -2.3279210580e+01
8.5992179863e+00 -2.3281849877e+01
8.6041055718e+00 -2.3284489173e+01
8.6089931574e+00 -2.3287128469e+01
8.6138807429e+00 -2.3289767765e+01
8.6187683284e+00 -2.3292407061e+01
8.6236559140e+00 -2.3295046358e+01
8.6285434995e+00 -2.3297685654e+01
8.6334310850e+00 -2.3300324950e+01
8.6383186706e+00 -2.3302964246e+01
8.6432062561e+00 -2.3305603542e+01
8.6480938416e+00 -2.3308242838e+01
8.6529814272e+00 -2.3310882135e+01
8.6578690127e+00 -2.3313521431e+01
8.6627565982e+00 -2.3316160727e+01
8.6676441838e+00 -2.3318800023e+01
8.6725317693e+00 -2.3321439319e+01
8.6774193548e+00 -2.3324078616e+01
8.6823069404e+00 -2.3326717912e+01
8.6871945259e+00 -2.3329357208e+01
8.6920821114e+00 -2.3331996504e+01
8.6969696970e+00 -2.3334635800e+01
8.7018572825e+00 -2.3337275097e+01
8.7067448680e+00 -2.3339914393e+01
8.7116324536e+00 -2.3342553689e+01
8.7165200391e+00 -2.3345192985e+01
8.7214076246e+00 -2.3347832281e+01
8.7262952102e+00 -2.3350471577e+01
8.7311827957e+00 -2.3353110874e+01
8.7360703812e+00 -2.3355750170e+01
8.7409579668e+00 -2.3358389466e+01
8.7458455523e+00 -2.3361028762e+01
8.7507331378e+00 -2.3363668058e+01
8.7556207234e+00 -2.3366307355e+01
8.7605083089e+00 -2.3368946651e+01
8.7653958944e+00 -2.3371585947e+01
8.7702834800e+00 -2.3374225243e+01
8.7751710655e+00 -2.3376864539e+01
8.7800586510e+00 -2.3379503836e+01
8.7849462366e+00 -2.3382143132e+01
8.7898338221e+00 -2.3384782428e+01
8.7947214076e+00 -2.3387421724e+01
8.7996089932e+00 -2.3390061020e+01
8.8044965787e+00 -2.3392700316e+01
8.8093841642e+00 -2.3395339613e+01
8.8142717498e+00 -2.3397978909e+01
8.8191593353e+00 -2.3400618205e+01
8.8240469208e+00 -2.3403257501e+01
8.8289345064e+00 -2.3405896797e+01
8.8338220919e+00 -2.3408536094e+01
8.8387096774e+00 -2.3411175390e+01
8.8435972630e+00 -2.3413814686e+01
8.8484848485e+00 -2.3416453982e+01
8.8533724340e+00 -2.3419093278e+01
8.8582600196e+00 -2.3421732575e+01
8.8631476051e+00 -2.3424371871e+01
8.8680351906e+00 -2.3427011167e+01
8.8729227761e+00 -2.3429650463e+01
8.8778103617e+00 -2.3432289759e+01
8.8826979472e+00 -2.3434929055e+01
8.8875855327e+00 -2.3437568352e+01
8.8924731183e+00 -2.3440207648e+01
8.8973607038e+00 -2.3442846944e+01
8.9022482893e+00 -2.3445486240e+01
8.9071358749e+00 -2.3448125536e+01
8.9120234604e+00 -2.3450764833e+01
8.9169110459e+00 -2.3453404129e+01
8.9217986315e+00 -2.3456043425e+01
8.9266862170e+00 -2.3458682721e+01
8.9315738025e+00 -2.3461322017e+01
8.9364613881e+00 -2.3463961314e+01
8.9413489736e+00 -2.3466600610e+01
8.9462365591e+00 -2.3469239906e+01
8.9511241447e+00 -2.3471879202e+01
8.9560117302e+00 -2.3474518498e+01
8.9608993157e+00 -2.3477157794e+01
8.9657869013e+00 -2.3479797091e+01
8.9706744868e+00 -2.3482436387e+01
8.9755620723e+00 -2.3485075683e+01
8.9804496579e+00 -2.3487714979e+01
8.9853372434e+00 -2.3490354275e+01
8.9902248289e+00 -2.3492993572e+01
8.9951124145e+00 -2.3495632868e+01
9.0000000000e+00 -2.3498272164e+01
