# log10(T)  Y(T)
4.0000000000e+00 6.9549251069e-01
4.0048875855e+00 6.9518459500e-01
4.0097751711e+00 6.9482451099e-01
4.0146627566e+00 6.9440342008e-01
4.0195503421e+00 6.9391098625e-01
4.0244379277e+00 6.9336921235e-01
4.0293255132e+00 6.9280816466e-01
4.0342130987e+00 6.9223008014e-01
4.0391006843e+00 6.9163444147e-01
4.0439882698e+00 6.9103516609e-01
4.0488758553e+00 6.9045036853e-01
4.0537634409e+00 6.8988369796e-01
4.0586510264e+00 6.8933459250e-01
4.0635386119e+00 6.8880691379e-01
4.0684261975e+00 6.8830634417e-01
4.0733137830e+00 6.8783363059e-01
4.0782013685e+00 6.8738722290e-01
4.0830889541e+00 6.8696651688e-01
4.0879765396e+00 6.8657147961e-01
4.0928641251e+00 6.8620113302e-01
4.0977517107e+00 6.8585393387e-01
4.1026392962e+00 6.8552835858e-01
4.1075268817e+00 6.8522290032e-01
4.1124144673e+00 6.8493623283e-01
4.1173020528e+00 6.8466720016e-01
4.1221896383e+00 6.8441442700e-01
4.1270772239e+00 6.8417608454e-01
4.1319648094e+00 6.8395079231e-01
4.1368523949e+00 6.8373783574e-01
4.1417399804e+00 6.8353637499e-01
4.1466275660e+00 6.8334494853e-01
4.1515151515e+00 6.8316237776e-01
4.1564027370e+00 6.8298825300e-01
4.1612903226e+00 6.8282203015e-01
4.1661779081e+00 6.8266195980e-01
4.1710654936e+00 6.8250656730e-01
4.1759530792e+00 6.8235571595e-01
4.1808406647e+00 6.8220927303e-01
4.1857282502e+00 6.8206609943e-01
4.1906158358e+00 6.8192507406e-01
4.1955034213e+00 6.8178613407e-01
4.2003910068e+00 6.8164924861e-01
4.2052785924e+00 6.8151347798e-01
4.2101661779e+00 6.8137773618e-01
4.2150537634e+00 6.8124186155e-01
4.2199413490e+00 6.8110585397e-01
4.2248289345e+00 6.8096905507e-01
4.2297165200e+00 6.8083057808e-01
4.2346041056e+00 6.8069018129e-01
4.2394916911e+00 6.8054783808e-01
4.2443792766e+00 6.8040303517e-01
4.2492668622e+00 6.8025494975e-01
4.2541544477e+00 6.8010321445e-01
4.2590420332e+00 6.7994773933e-01
4.2639296188e+00 6.7978828298e-01
4.2688172043e+00 6.7962446631e-01
4.2737047898e+00 6.7945604220e-01
4.2785923754e+00 6.7928288107e-01
4.2834799609e+00 6.7910462437e-01
4.2883675464e+00 6.7892055795e-01
4.2932551320e+00 6.7873015325e-01
4.2981427175e+00 6.7853319203e-01
4.3030303030e+00 6.7832954937e-01
4.3079178886e+00 6.7811932021e-01
4.3128054741e+00 6.7790251201e-01
4.3176930596e+00 6.7767891890e-01
4.3225806452e+00 6.7744828566e-01
4.3274682307e+00 6.7721017169e-01
4.3323558162e+00 6.7696415819e-01
4.3372434018e+00 6.7670998308e-01
4.3421309873e+00 6.7644740378e-01
4.3470185728e+00 6.7617642648e-01
4.3519061584e+00 6.7589703826e-01
4.3567937439e+00 6.7560897805e-01
4.3616813294e+00 6.7531197668e-01
4.3665689150e+00 6.7500649837e-01
4.3714565005e+00 6.7469304842e-01
4.3763440860e+00 6.7437142610e-01
4.3812316716e+00 6.7404141834e-01
4.3861192571e+00 6.7370302214e-01
4.3910068426e+00 6.7335627096e-01
4.3958944282e+00 6.7300098973e-01
4.4007820137e+00 6.7263696861e-01
4.4056695992e+00 6.7226419553e-01
4.4105571848e+00 6.7188273870e-01
4.4154447703e+00 6.7149247160e-01
4.4203323558e+00 6.7109319075e-01
4.4252199413e+00 6.7068526539e-01
4.4301075269e+00 6.7026941715e-01
4.4349951124e+00 6.6984582410e-01
4.4398826979e+00 6.6941434200e-01
4.4447702835e+00 6.6897523953e-01
4.4496578690e+00 6.6852916722e-01
4.4545454545e+00 6.6807638398e-01
4.4594330401e+00 6.6761678885e-01
4.4643206256e+00 6.6715044916e-01
4.4692082111e+00 6.6667766946e-01
4.4740957967e+00 6.6619859448e-01
4.4789833822e+00 6.6571314039e-01
4.4838709677e+00 6.6522136479e-01
4.4887585533e+00 6.6472367785e-01
4.4936461388e+00 6.6422035827e-01
4.4985337243e+00 6.6371134229e-01
4.5034213099e+00 6.6319668962e-01
4.5083088954e+00 6.6267705097e-01
4.5131964809e+00 6.6215296634e-01
4.5180840665e+00 6.6162439770e-01
4.5229716520e+00 6.6109136351e-01
4.5278592375e+00 6.6055453007e-01
4.5327468231e+00 6.6001451676e-01
4.5376344086e+00 6.5947130474e-01
4.5425219941e+00 6.5892487505e-01
4.5474095797e+00 6.5837568114e-01
4.5522971652e+00 6.5782419914e-01
4.5571847507e+00 6.5727043752e-01
4.5620723363e+00 6.5671438686e-01
4.5669599218e+00 6.5615651736e-01
4.5718475073e+00 6.5559738212e-01
4.5767350929e+00 6.5503705802e-01
4.5816226784e+00 6.5447554254e-01
4.5865102639e+00 6.5391365582e-01
4.5913978495e+00 6.5335253191e-01
4.5962854350e+00 6.5279248242e-01
4.6011730205e+00 6.5223350529e-01
4.6060606061e+00 6.5167582479e-01
4.6109481916e+00 6.5111980308e-01
4.6158357771e+00 6.5056557412e-01
4.6207233627e+00 6.5001313214e-01
4.6256109482e+00 6.4946262065e-01
4.6304985337e+00 6.4891432819e-01
4.6353861193e+00 6.4836839186e-01
4.6402737048e+00 6.4782480152e-01
4.6451612903e+00 6.4728363810e-01
4.6500488759e+00 6.4674512338e-01
4.6549364614e+00 6.4620938601e-01
4.6598240469e+00 6.4567641164e-01
4.6647116325e+00 6.4514635411e-01
4.6695992180e+00 6.4461978647e-01
4.6744868035e+00 6.4409710638e-01
4.6793743891e+00 6.4357828514e-01
4.6842619746e+00 6.4306336756e-01
4.6891495601e+00 6.4255274042e-01
4.6940371457e+00 6.4204671065e-01
4.6989247312e+00 6.4154523684e-01
4.7038123167e+00 6.4104829484e-01
4.7086999022e+00 6.4055615404e-01
4.7135874878e+00 6.4006906138e-01
4.7184750733e+00 6.3958696508e-01
4.7233626588e+00 6.3910981388e-01
4.7282502444e+00 6.3863771454e-01
4.7331378299e+00 6.3817077964e-01
4.7380254154e+00 6.3770896133e-01
4.7429130010e+00 6.3725220355e-01
4.7478005865e+00 6.3680054321e-01
4.7526881720e+00 6.3635403451e-01
4.7575757576e+00 6.3591263742e-01
4.7624633431e+00 6.3547629341e-01
4.7673509286e+00 6.3504512076e-01
4.7722385142e+00 6.3461929984e-01
4.7771260997e+00 6.3419882980e-01
4.7820136852e+00 6.3378364339e-01
4.7869012708e+00 6.3337364260e-01
4.7917888563e+00 6.3296871128e-01
4.7966764418e+00 6.3256876706e-01
4.8015640274e+00 6.3217374851e-01
4.8064516129e+00 6.3178355500e-01
4.8113391984e+00 6.3139804828e-01
4.8162267840e+00 6.3101713270e-01
4.8211143695e+00 6.3064075361e-01
4.8260019550e+00 6.3026876979e-01
4.8308895406e+00 6.2990090434e-01
4.8357771261e+00 6.2953697321e-01
4.8406647116e+00 6.2917693433e-01
4.8455522972e+00 6.2882058923e-01
4.8504398827e+00 6.2846732427e-01
4.8553274682e+00 6.2811669354e-01
4.8602150538e+00 6.2776867739e-01
4.8651026393e+00 6.2742320261e-01
4.8699902248e+00 6.2707991137e-01
4.8748778104e+00 6.2673850403e-01
4.8797653959e+00 6.2639897025e-01
4.8846529814e+00 6.2606126225e-01
4.8895405670e+00 6.2572465087e-01
4.8944281525e+00 6.2538844936e-01
4.8993157380e+00 6.2505265721e-01
4.9042033236e+00 6.2471727393e-01
4.9090909091e+00 6.2438200746e-01
4.9139784946e+00 6.2404654710e-01
4.9188660802e+00 6.2371087395e-01
4.9237536657e+00 6.2337498785e-01
4.9286412512e+00 6.2303850571e-01
4.9335288368e+00 6.2270095773e-01
4.9384164223e+00 6.2236225520e-01
4.9433040078e+00 6.2202239417e-01
4.9481915934e+00 6.2168113110e-01
4.9530791789e+00 6.2133812128e-01
4.9579667644e+00 6.2099325654e-01
4.9628543500e+00 6.2064652686e-01
4.9677419355e+00 6.2029778917e-01
4.9726295210e+00 6.1994680838e-01
4.9775171065e+00 6.1959347959e-01
4.9824046921e+00 6.1923778708e-01
4.9872922776e+00 6.1887951186e-01
4.9921798631e+00 6.1851821233e-01
4.9970674487e+00 6.1815364327e-01
5.0019550342e+00 6.1778577510e-01
5.0068426197e+00 6.1741443555e-01
5.0117302053e+00 6.1703916998e-01
5.0166177908e+00 6.1665965730e-01
5.0215053763e+00 6.1627584942e-01
5.0263929619e+00 6.1588757431e-01
5.0312805474e+00 6.1549421920e-01
5.0361681329e+00 6.1509527986e-01
5.0410557185e+00 6.1469067700e-01
5.0459433040e+00 6.1428029821e-01
5.0508308895e+00 6.1386380550e-01
5.0557184751e+00 6.1344088418e-01
5.0606060606e+00 6.1301143499e-01
5.0654936461e+00 6.1257534158e-01
5.0703812317e+00 6.1213223166e-01
5.0752688172e+00 6.1168173830e-01
5.0801564027e+00 6.1122373849e-01
5.0850439883e+00 6.1075810715e-01
5.0899315738e+00 6.1028483488e-01
5.0948191593e+00 6.0980392042e-01
5.0997067449e+00 6.0931524670e-01
5.1045943304e+00 6.0881868855e-01
5.1094819159e+00 6.0831459571e-01
5.1143695015e+00 6.0780344181e-01
5.1192570870e+00 6.0728523933e-01
5.1241446725e+00 6.0675989108e-01
5.1290322581e+00 6.0622777365e-01
5.1339198436e+00 6.0568945527e-01
5.1388074291e+00 6.0514504440e-01
5.1436950147e+00 6.0459447208e-01
5.1485826002e+00 6.0403795806e-01
5.1534701857e+00 6.0347595187e-01
5.1583577713e+00 6.0290862353e-01
5.1632453568e+00 6.0233592266e-01
5.1681329423e+00 6.0175804294e-01
5.1730205279e+00 6.0117546038e-01
5.1779081134e+00 6.0058841491e-01
5.1827956989e+00 5.9999687235e-01
5.1876832845e+00 5.9940085457e-01
5.1925708700e+00 5.9880047652e-01
5.1974584555e+00 5.9819579880e-01
5.2023460411e+00 5.9758679061e-01
5.2072336266e+00 5.9697341755e-01
5.2121212121e+00 5.9635563465e-01
5.2170087977e+00 5.9573339993e-01
5.2218963832e+00 5.9510668130e-01
5.2267839687e+00 5.9447544250e-01
5.2316715543e+00 5.9383962325e-01
5.2365591398e+00 5.9319916656e-01
5.2414467253e+00 5.9255403860e-01
5.2463343109e+00 5.9190420208e-01
5.2512218964e+00 5.9124942906e-01
5.2561094819e+00 5.9058949164e-01
5.2609970674e+00 5.8992434910e-01
5.2658846530e+00 5.8925396037e-01
5.2707722385e+00 5.8857825659e-01
5.2756598240e+00 5.8789716604e-01
5.2805474096e+00 5.8721064365e-01
5.2854349951e+00 5.8651864610e-01
5.2903225806e+00 5.8582111921e-01
5.2952101662e+00 5.8511800548e-01
5.3000977517e+00 5.8440925736e-01
5.3049853372e+00 5.8369482969e-01
5.3098729228e+00 5.8297480696e-01
5.3147605083e+00 5.8224934232e-01
5.3196480938e+00 5.8151846160e-01
5.3245356794e+00 5.8078212438e-01
5.3294232649e+00 5.8004014939e-01
5.3343108504e+00 5.7929225434e-01
5.3391984360e+00 5.7853829344e-01
5.3440860215e+00 5.7777821748e-01
5.3489736070e+00 5.7701178980e-01
5.3538611926e+00 5.7623854511e-01
5.3587487781e+00 5.7545819763e-01
5.3636363636e+00 5.7467068213e-01
5.3685239492e+00 5.7387548624e-01
5.3734115347e+00 5.7307126179e-01
5.3782991202e+00 5.7225707890e-01
5.3831867058e+00 5.7143281429e-01
5.3880742913e+00 5.7059789865e-01
5.3929618768e+00 5.6975039089e-01
5.3978494624e+00 5.6888874013e-01
5.4027370479e+00 5.6801271034e-01
5.4076246334e+00 5.6712179048e-01
5.4125122190e+00 5.6621337770e-01
5.4173998045e+00 5.6528504519e-01
5.4222873900e+00 5.6433635613e-01
5.4271749756e+00 5.6336685448e-01
5.4320625611e+00 5.6237250945e-01
5.4369501466e+00 5.6134910706e-01
5.4418377322e+00 5.6029579821e-01
5.4467253177e+00 5.5921170893e-01
5.4516129032e+00 5.5809328054e-01
5.4565004888e+00 5.5693649199e-01
5.4613880743e+00 5.5573975975e-01
5.4662756598e+00 5.5450170459e-01
5.4711632454e+00 5.5321966649e-01
5.4760508309e+00 5.5189050427e-01
5.4809384164e+00 5.5051214131e-01
5.4858260020e+00 5.4908275637e-01
5.4907135875e+00 5.4760110042e-01
5.4956011730e+00 5.4606622219e-01
5.5004887586e+00 5.4447653072e-01
5.5053763441e+00 5.4283006853e-01
5.5102639296e+00 5.4112647162e-01
5.5151515152e+00 5.3936683550e-01
5.5200391007e+00 5.3755073201e-01
5.5249266862e+00 5.3567634908e-01
5.5298142717e+00 5.3374396933e-01
5.5347018573e+00 5.3175668555e-01
5.5395894428e+00 5.2971567092e-01
5.5444770283e+00 5.2761947269e-01
5.5493646139e+00 5.2546832118e-01
5.5542521994e+00 5.2326615097e-01
5.5591397849e+00 5.2101540023e-01
5.5640273705e+00 5.1871499727e-01
5.5689149560e+00 5.1636477887e-01
5.5738025415e+00 5.1396800657e-01
5.5786901271e+00 5.1152716196e-01
5.5835777126e+00 5.0904143460e-01
5.5884652981e+00 5.0651054343e-01
5.5933528837e+00 5.0393875846e-01
5.5982404692e+00 5.0132995739e-01
5.6031280547e+00 4.9868360746e-01
5.6080156403e+00 4.9599916821e-01
5.6129032258e+00 4.9327741614e-01
5.6177908113e+00 4.9051917965e-01
5.6226783969e+00 4.8772399268e-01
5.6275659824e+00 4.8489136022e-01
5.6324535679e+00 4.8202075745e-01
5.6373411535e+00 4.7911164881e-01
5.6422287390e+00 4.7616351438e-01
5.6471163245e+00 4.7317583062e-01
5.6520039101e+00 4.7014927000e-01
5.6568914956e+00 4.6708490209e-01
5.6617790811e+00 4.6398262753e-01
5.6666666667e+00 4.6084197742e-01
5.6715542522e+00 4.5766027587e-01
5.6764418377e+00 4.5443357147e-01
5.6813294233e+00 4.5116001508e-01
5.6862170088e+00 4.4783892640e-01
5.6911045943e+00 4.4446858270e-01
5.6959921799e+00 4.4104636004e-01
5.7008797654e+00 4.3757059915e-01
5.7057673509e+00 4.3404046246e-01
5.7106549365e+00 4.3045331087e-01
5.7155425220e+00 4.2680411469e-01
5.7204301075e+00 4.2308947979e-01
5.7253176931e+00 4.1930823268e-01
5.7302052786e+00 4.1545625324e-01
5.7350928641e+00 4.1152271010e-01
5.7399804497e+00 4.0749928482e-01
5.7448680352e+00 4.0338392356e-01
5.7497556207e+00 3.9917320917e-01
5.7546432063e+00 3.9485853129e-01
5.7595307918e+00 3.9043223277e-01
5.7644183773e+00 3.8589142602e-01
5.7693059629e+00 3.8123294925e-01
5.7741935484e+00 3.7645151500e-01
5.7790811339e+00 3.7154183825e-01
5.7839687195e+00 3.6650047940e-01
5.7888563050e+00 3.6132390664e-01
5.7937438905e+00 3.5600206996e-01
5.7986314761e+00 3.5052433843e-01
5.8035190616e+00 3.4488602200e-01
5.8084066471e+00 3.3908241296e-01
5.8132942326e+00 3.3312105066e-01
5.8181818182e+00 3.2701182648e-01
5.8230694037e+00 3.2075289247e-01
5.8279569892e+00 3.1434057992e-01
5.8328445748e+00 3.0776914330e-01
5.8377321603e+00 3.0103197002e-01
5.8426197458e+00 2.9412420362e-01
5.8475073314e+00 2.8704152449e-01
5.8523949169e+00 2.7979704678e-01
5.8572825024e+00 2.7241432728e-01
5.8621700880e+00 2.6490046737e-01
5.8670576735e+00 2.5725313758e-01
5.8719452590e+00 2.4946961588e-01
5.8768328446e+00 2.4154681012e-01
5.8817204301e+00 2.3348191231e-01
5.8866080156e+00 2.2527237410e-01
5.8914956012e+00 2.1692408558e-01
5.8963831867e+00 2.0845532325e-01
5.9012707722e+00 1.9987647715e-01
5.9061583578e+00 1.9118611633e-01
5.9110459433e+00 1.8238049681e-01
5.9159335288e+00 1.7345048743e-01
5.9208211144e+00 1.6438902033e-01
5.9257086999e+00 1.5519416035e-01
5.9305962854e+00 1.4586708569e-01
5.9354838710e+00 1.3642183186e-01
5.9403714565e+00 1.2686967998e-01
5.9452590420e+00 1.1720942021e-01
5.9501466276e+00 1.0743912204e-01
5.9550342131e+00 9.7549115052e-02
5.9599217986e+00 8.7530216624e-02
5.9648093842e+00 7.7380746975e-02
5.9696969697e+00 6.7099004437e-02
5.9745845552e+00 5.6674446034e-02
5.9794721408e+00 4.6096000938e-02
5.9843597263e+00 3.5361136995e-02
5.9892473118e+00 2.4467541308e-02
5.9941348974e+00 1.3429210278e-02
5.9990224829e+00 2.2632616590e-03
6.0039100684e+00 -9.0530466362e-03
6.0087976540e+00 -2.0551884113e-02
6.0136852395e+00 -3.2242304573e-02
6.0185728250e+00 -4.4127499995e-02
6.0234604106e+00 -5.6203373223e-02
6.0283479961e+00 -6.8462732816e-02
6.0332355816e+00 -8.0905454751e-02
6.0381231672e+00 -9.3534281565e-02
6.0430107527e+00 -1.0635970973e-01
6.0478983382e+00 -1.1939665379e-01
6.0527859238e+00 -1.3265273971e-01
6.0576735093e+00 -1.4613165113e-01
6.0625610948e+00 -1.5983776452e-01
6.0674486804e+00 -1.7377609630e-01
6.0723362659e+00 -1.8795113663e-01
6.0772238514e+00 -2.0236690541e-01
6.0821114370e+00 -2.1702141908e-01
6.0869990225e+00 -2.3190507524e-01
6.0918866080e+00 -2.4701397349e-01
6.0967741935e+00 -2.6235152253e-01
6.1016617791e+00 -2.7792659792e-01
6.1065493646e+00 -2.9375923943e-01
6.1114369501e+00 -3.0986465818e-01
6.1163245357e+00 -3.2624755378e-01
6.1212121212e+00 -3.4290851826e-01
6.1260997067e+00 -3.5983630179e-01
6.1309872923e+00 -3.7702340361e-01
6.1358748778e+00 -3.9447379624e-01
6.1407624633e+00 -4.1219488373e-01
6.1456500489e+00 -4.3020977137e-01
6.1505376344e+00 -4.4853887840e-01
6.1554252199e+00 -4.6718768551e-01
6.1603128055e+00 -4.8616183046e-01
6.1652003910e+00 -5.0546767510e-01
6.1700879765e+00 -5.2511164281e-01
6.1749755621e+00 -5.4509965548e-01
6.1798631476e+00 -5.6543773872e-01
6.1847507331e+00 -5.8615608869e-01
6.1896383187e+00 -6.0728730428e-01
6.1945259042e+00 -6.2884100888e-01
6.1994134897e+00 -6.5082564957e-01
6.2043010753e+00 -6.7325212440e-01
6.2091886608e+00 -6.9613193101e-01
6.2140762463e+00 -7.1947456877e-01
6.2189638319e+00 -7.4328940020e-01
6.2238514174e+00 -7.6761171564e-01
6.2287390029e+00 -7.9248614975e-01
6.2336265885e+00 -8.1793329298e-01
6.2385141740e+00 -8.4396633137e-01
6.2434017595e+00 -8.7062646740e-01
6.2482893451e+00 -8.9796958280e-01
6.2531769306e+00 -9.2602621458e-01
6.2580645161e+00 -9.5481498188e-01
6.2629521017e+00 -9.8435587353e-01
6.2678396872e+00 -1.0146700549e+00
6.2727272727e+00 -1.0457784002e+00
6.2776148583e+00 -1.0777017148e+00
6.2825024438e+00 -1.1104749496e+00
6.2873900293e+00 -1.1441490739e+00
6.2922776149e+00 -1.1787635935e+00
6.2971652004e+00 -1.2143447700e+00
6.3020527859e+00 -1.2509275994e+00
6.3069403715e+00 -1.2885591192e+00
6.3118279570e+00 -1.3272802317e+00
6.3167155425e+00 -1.3671224853e+00
6.3216031281e+00 -1.4081108489e+00
6.3264907136e+00 -1.4502558866e+00
6.3313782991e+00 -1.4935753311e+00
6.3362658847e+00 -1.5381019082e+00
6.3411534702e+00 -1.5838686466e+00
6.3460410557e+00 -1.6309073381e+00
6.3509286413e+00 -1.6792511926e+00
6.3558162268e+00 -1.7289364241e+00
6.3607038123e+00 -1.7799989220e+00
6.3655913978e+00 -1.8324670657e+00
6.3704789834e+00 -1.8863710819e+00
6.3753665689e+00 -1.9417502655e+00
6.3802541544e+00 -1.9986443506e+00
6.3851417400e+00 -2.0570805278e+00
6.3900293255e+00 -2.1170869853e+00
6.3949169110e+00 -2.1787059191e+00
6.3998044966e+00 -2.2419806592e+00
6.4046920821e+00 -2.3069757981e+00
6.4095796676e+00 -2.3737591676e+00
6.4144672532e+00 -2.4423809190e+00
6.4193548387e+00 -2.5128916585e+00
6.4242424242e+00 -2.5853048594e+00
6.4291300098e+00 -2.6596278066e+00
6.4340175953e+00 -2.7359053261e+00
6.4389051808e+00 -2.8141888199e+00
6.4437927664e+00 -2.8945453842e+00
6.4486803519e+00 -2.9770483347e+00
6.4535679374e+00 -3.0617590761e+00
6.4584555230e+00 -3.1487366889e+00
6.4633431085e+00 -3.2380264769e+00
6.4682306940e+00 -3.3296673019e+00
6.4731182796e+00 -3.4237138202e+00
6.4780058651e+00 -3.5202291841e+00
6.4828934506e+00 -3.6192595725e+00
6.4877810362e+00 -3.7208386474e+00
6.4926686217e+00 -3.8250187580e+00
6.4975562072e+00 -3.9318665065e+00
6.5024437928e+00 -4.0414255752e+00
6.5073313783e+00 -4.1537156876e+00
6.5122189638e+00 -4.2687804692e+00
6.5171065494e+00 -4.3866884816e+00
6.5219941349e+00 -4.5074837202e+00
6.5268817204e+00 -4.6311729441e+00
6.5317693060e+00 -4.7577878122e+00
6.5366568915e+00 -4.8873975251e+00
6.5415444770e+00 -5.0200316817e+00
6.5464320626e+00 -5.1556322695e+00
6.5513196481e+00 -5.2941783282e+00
6.5562072336e+00 -5.4357338385e+00
6.5610948192e+00 -5.5803515204e+00
6.5659824047e+00 -5.7280387996e+00
6.5708699902e+00 -5.8788146775e+00
6.5757575758e+00 -6.0327437462e+00
6.5806451613e+00 -6.1898753473e+00
6.5855327468e+00 -6.3501457185e+00
6.5904203324e+00 -6.5135038470e+00
6.5953079179e+00 -6.6800092214e+00
6.6001955034e+00 -6.8497208816e+00
6.6050830890e+00 -7.0226615388e+00
6.6099706745e+00 -7.1988552019e+00
6.6148582600e+00 -7.3783630596e+00
6.6197458456e+00 -7.5612474518e+00
6.6246334311e+00 -7.7475328383e+00
6.6295210166e+00 -7.9372409491e+00
6.6344086022e+00 -8.1304321999e+00
6.6392961877e+00 -8.3271705432e+00
6.6441837732e+00 -8.5274113719e+00
6.6490713587e+00 -8.7310890893e+00
6.6539589443e+00 -8.9382444092e+00
6.6588465298e+00 -9.1489367084e+00
6.6637341153e+00 -9.3632390711e+00
6.6686217009e+00 -9.5812300870e+00
6.6735092864e+00 -9.8029772865e+00
6.6783968719e+00 -1.0028545392e+01
6.6832844575e+00 -1.0257891964e+01
6.6881720430e+00 -1.0490919744e+01
6.6930596285e+00 -1.0727635508e+01
6.6979472141e+00 -1.0968097622e+01
6.7028347996e+00 -1.1212426609e+01
6.7077223851e+00 -1.1460791399e+01
6.7126099707e+00 -1.1713304167e+01
6.7174975562e+00 -1.1970034189e+01
6.7223851417e+00 -1.2230959006e+01
6.7272727273e+00 -1.2495955846e+01
6.7321603128e+00 -1.2764989847e+01
6.7370478983e+00 -1.3038122513e+01
6.7419354839e+00 -1.3315419463e+01
6.7468230694e+00 -1.3596952154e+01
6.7517106549e+00 -1.3882790073e+01
6.7565982405e+00 -1.4172999057e+01
6.7614858260e+00 -1.4467574825e+01
6.7663734115e+00 -1.4766351580e+01
6.7712609971e+00 -1.5069228918e+01
6.7761485826e+00 -1.5376263118e+01
6.7810361681e+00 -1.5687512216e+01
6.7859237537e+00 -1.6003038906e+01
6.7908113392e+00 -1.6322905822e+01
6.7956989247e+00 -1.6647172668e+01
6.8005865103e+00 -1.6975885116e+01
6.8054740958e+00 -1.7308972314e+01
6.8103616813e+00 -1.7646375576e+01
6.8152492669e+00 -1.7988150826e+01
6.8201368524e+00 -1.8334354768e+01
6.8250244379e+00 -1.8685046674e+01
6.8299120235e+00 -1.9040286560e+01
6.8347996090e+00 -1.9400133408e+01
6.8396871945e+00 -1.9764646962e+01
6.8445747801e+00 -2.0133603072e+01
6.8494623656e+00 -2.0506753060e+01
6.8543499511e+00 -2.0884126228e+01
6.8592375367e+00 -2.1265770372e+01
6.8641251222e+00 -2.1651868442e+01
6.8690127077e+00 -2.2042631427e+01
6.8739002933e+00 -2.2438140041e+01
6.8787878788e+00 -2.2838451917e+01
6.8836754643e+00 -2.3243500604e+01
6.8885630499e+00 -2.3653175206e+01
6.8934506354e+00 -2.4067486361e+01
6.8983382209e+00 -2.4486486543e+01
6.9032258065e+00 -2.4910344719e+01
6.9081133920e+00 -2.5339292736e+01
6.9130009775e+00 -2.5773451315e+01
6.9178885630e+00 -2.6212883750e+01
6.9227761486e+00 -2.6657654635e+01
6.9276637341e+00 -2.7107829772e+01
6.9325513196e+00 -2.7563475241e+01
6.9374389052e+00 -2.8024657516e+01
6.9423264907e+00 -2.8491444289e+01
6.9472140762e+00 -2.8963904550e+01
6.9521016618e+00 -2.9442107723e+01
6.9569892473e+00 -2.9926123615e+01
6.9618768328e+00 -3.0416023022e+01
6.9667644184e+00 -3.0911877832e+01
6.9716520039e+00 -3.1413760671e+01
6.9765395894e+00 -3.1921744818e+01
6.9814271750e+00 -3.2435967664e+01
6.9863147605e+00 -3.2956724814e+01
6.9912023460e+00 -3.3484255111e+01
6.9960899316e+00 -3.4018646647e+01
7.0009775171e+00 -3.4560035637e+01
7.0058651026e+00 -3.5108751135e+01
7.0107526882e+00 -3.5665082807e+01
7.0156402737e+00 -3.6229136366e+01
7.0205278592e+00 -3.6801020260e+01
7.0254154448e+00 -3.7380853994e+01
7.0303030303e+00 -3.7968757614e+01
7.0351906158e+00 -3.8564843433e+01
7.0400782014e+00 -3.9169239523e+01
7.0449657869e+00 -3.9782324530e+01
7.0498533724e+00 -4.0404472056e+01
7.0547409580e+00 -4.1035816061e+01
7.0596285435e+00 -4.1676492488e+01
7.0645161290e+00 -4.2327478436e+01
7.0694037146e+00 -4.2989838601e+01
7.0742913001e+00 -4.3663830284e+01
7.0791788856e+00 -4.4349657743e+01
7.0840664712e+00 -4.5047290392e+01
7.0889540567e+00 -4.5756650835e+01
7.0938416422e+00 -4.6477893978e+01
7.0987292278e+00 -4.7211218871e+01
7.1036168133e+00 -4.7957137581e+01
7.1085043988e+00 -4.8716290033e+01
7.1133919844e+00 -4.9489024867e+01
7.1182795699e+00 -5.0275585094e+01
7.1231671554e+00 -5.1076517181e+01
7.1280547410e+00 -5.1892536315e+01
7.1329423265e+00 -5.2724080082e+01
7.1378299120e+00 -5.3571443834e+01
7.1427174976e+00 -5.4434987559e+01
7.1476050831e+00 -5.5315122647e+01
7.1524926686e+00 -5.6212211299e+01
7.1573802542e+00 -5.7126580081e+01
7.1622678397e+00 -5.8058831541e+01
7.1671554252e+00 -5.9009870433e+01
7.1720430108e+00 -5.9980360707e+01
7.1769305963e+00 -6.0970700199e+01
7.1818181818e+00 -6.1981006880e+01
7.1867057674e+00 -6.3010841270e+01
7.1915933529e+00 -6.4060026973e+01
7.1964809384e+00 -6.5128927612e+01
7.2013685239e+00 -6.6218102706e+01
7.2062561095e+00 -6.7328636724e+01
7.2111436950e+00 -6.8461459572e+01
7.2160312805e+00 -6.9617018595e+01
7.2209188661e+00 -7.0795694598e+01
7.2258064516e+00 -7.1997487361e+01
7.2306940371e+00 -7.3222463229e+01
7.2355816227e+00 -7.4471069412e+01
7.2404692082e+00 -7.5743709751e+01
7.2453567937e+00 -7.7040230550e+01
7.2502443793e+00 -7.8360515835e+01
7.2551319648e+00 -7.9705001196e+01
7.2600195503e+00 -8.1074130207e+01
7.2649071359e+00 -8.2467653978e+01
7.2697947214e+00 -8.3885299291e+01
7.2746823069e+00 -8.5327476047e+01
7.2795698925e+00 -8.6794608748e+01
7.2844574780e+00 -8.8286449388e+01
7.2893450635e+00 -8.9802646419e+01
7.2942326491e+00 -9.1343509388e+01
7.2991202346e+00 -9.2909439568e+01
7.3040078201e+00 -9.4500881399e+01
7.3088954057e+00 -9.6118294688e+01
7.3137829912e+00 -9.7762110813e+01
7.3186705767e+00 -9.9432760775e+01
7.3235581623e+00 -1.0112992919e+02
7.3284457478e+00 -1.0285301609e+02
7.3333333333e+00 -1.0460214953e+02
7.3382209189e+00 -1.0637772323e+02
7.3431085044e+00 -1.0817945440e+02
7.3479960899e+00 -1.1000663341e+02
7.3528836755e+00 -1.1185920701e+02
7.3577712610e+00 -1.1373752814e+02
7.3626588465e+00 -1.1564130080e+02
7.3675464321e+00 -1.1756964967e+02
7.3724340176e+00 -1.1952232562e+02
7.3773216031e+00 -1.2149963555e+02
7.3822091887e+00 -1.2350189373e+02
7.3870967742e+00 -1.2552942282e+02
7.3919843597e+00 -1.2758254618e+02
7.3968719453e+00 -1.2966158690e+02
7.4017595308e+00 -1.3176638572e+02
7.4066471163e+00 -1.3389588534e+02
7.4115347019e+00 -1.3604948589e+02
7.4164222874e+00 -1.3822746013e+02
7.4213098729e+00 -1.4043008391e+02
7.4261974585e+00 -1.4265763620e+02
7.4310850440e+00 -1.4491039915e+02
7.4359726295e+00 -1.4718865808e+02
7.4408602151e+00 -1.4949242802e+02
7.4457478006e+00 -1.5182049048e+02
7.4506353861e+00 -1.5417187158e+02
7.4555229717e+00 -1.5654680487e+02
7.4604105572e+00 -1.5894552683e+02
7.4652981427e+00 -1.6136828243e+02
7.4701857283e+00 -1.6381531860e+02
7.4750733138e+00 -1.6628687869e+02
7.4799608993e+00 -1.6878320846e+02
7.4848484848e+00 -1.7130456000e+02
7.4897360704e+00 -1.7385118801e+02
7.4946236559e+00 -1.7642334592e+02
7.4995112414e+00 -1.7902128966e+02
7.5043988270e+00 -1.8164377786e+02
7.5092864125e+00 -1.8428938980e+02
7.5141739980e+00 -1.8695817580e+02
7.5190615836e+00 -1.8965033885e+02
7.5239491691e+00 -1.9236472796e+02
7.5288367546e+00 -1.9509986438e+02
7.5337243402e+00 -1.9785559954e+02
7.5386119257e+00 -2.0063208858e+02
7.5434995112e+00 -2.0342956012e+02
7.5483870968e+00 -2.0624827263e+02
7.5532746823e+00 -2.0908841496e+02
7.5581622678e+00 -2.1195015004e+02
7.5630498534e+00 -2.1483367703e+02
7.5679374389e+00 -2.1773921863e+02
7.5728250244e+00 -2.2066696465e+02
7.5777126100e+00 -2.2361708477e+02
7.5826001955e+00 -2.2658979136e+02
7.5874877810e+00 -2.2958533577e+02
7.5923753666e+00 -2.3260393050e+02
7.5972629521e+00 -2.3564575293e+02
7.6021505376e+00 -2.3871102418e+02
7.6070381232e+00 -2.4180002147e+02
7.6119257087e+00 -2.4491298247e+02
7.6168132942e+00 -2.4805009309e+02
7.6217008798e+00 -2.5121155966e+02
7.6265884653e+00 -2.5439762717e+02
7.6314760508e+00 -2.5760852393e+02
7.6363636364e+00 -2.6084444345e+02
7.6412512219e+00 -2.6410512652e+02
7.6461388074e+00 -2.6738900143e+02
7.6510263930e+00 -2.7069492661e+02
7.6559139785e+00 -2.7402305010e+02
7.6608015640e+00 -2.7737353972e+02
7.6656891496e+00 -2.8074666244e+02
7.6705767351e+00 -2.8414266906e+02
7.6754643206e+00 -2.8756171482e+02
7.6803519062e+00 -2.9100396914e+02
7.6852394917e+00 -2.9446975967e+02
7.6901270772e+00 -2.9795940434e+02
7.6950146628e+00 -3.0147306734e+02
7.6999022483e+00 -3.0501091396e+02
7.7047898338e+00 -3.0857510541e+02
7.7096774194e+00 -3.1216787954e+02
7.7145650049e+00 -3.1578951136e+02
7.7194525904e+00 -3.1944023268e+02
7.7243401760e+00 -3.2311860172e+02
7.7292277615e+00 -3.2682294321e+02
7.7341153470e+00 -3.3055323055e+02
7.7390029326e+00 -3.3430964545e+02
7.7438905181e+00 -3.3809407985e+02
7.7487781036e+00 -3.4190887632e+02
7.7536656891e+00 -3.4575470235e+02
7.7585532747e+00 -3.4963181032e+02
7.7634408602e+00 -3.5353909384e+02
7.7683284457e+00 -3.5747486814e+02
7.7732160313e+00 -3.6143878179e+02
7.7781036168e+00 -3.6543103599e+02
7.7829912023e+00 -3.6945314058e+02
7.7878787879e+00 -3.7350748325e+02
7.7927663734e+00 -3.7759517942e+02
7.7976539589e+00 -3.8171650349e+02
7.8025415445e+00 -3.8587176861e+02
7.8074291300e+00 -3.9006132558e+02
7.8123167155e+00 -3.9428549223e+02
7.8172043011e+00 -3.9854455445e+02
7.8220918866e+00 -4.0283883476e+02
7.8269794721e+00 -4.0716870493e+02
7.8318670577e+00 -4.1153450624e+02
7.8367546432e+00 -4.1593653685e+02
7.8416422287e+00 -4.2037512718e+02
7.8465298143e+00 -4.2485066891e+02
7.8514173998e+00 -4.2936352793e+02
7.8563049853e+00 -4.3391401539e+02
7.8611925709e+00 -4.3850302122e+02
7.8660801564e+00 -4.4313320684e+02
7.8709677419e+00 -4.4780670156e+02
7.8758553275e+00 -4.5252391048e+02
7.8807429130e+00 -4.5728490231e+02
7.8856304985e+00 -4.6208778907e+02
7.8905180841e+00 -4.6693098606e+02
7.8954056696e+00 -4.7181483159e+02
7.9002932551e+00 -4.7673997003e+02
7.9051808407e+00 -4.8171159393e+02
7.9100684262e+00 -4.8673468640e+02
7.9149560117e+00 -4.9180978026e+02
7.9198435973e+00 -4.9693741385e+02
7.9247311828e+00 -5.0211575485e+02
7.9296187683e+00 -5.0734284034e+02
7.9345063539e+00 -5.1261903996e+02
7.9393939394e+00 -5.1794481520e+02
7.9442815249e+00 -5.2332288331e+02
7.9491691105e+00 -5.2875634329e+02
7.9540566960e+00 -5.3424609885e+02
7.9589442815e+00 -5.3979273328e+02
7.9638318671e+00 -5.4539684725e+02
7.9687194526e+00 -5.5105905098e+02
7.9736070381e+00 -5.5677994974e+02
7.9784946237e+00 -5.6256015196e+02
7.9833822092e+00 -5.6840027860e+02
7.9882697947e+00 -5.7430095990e+02
7.9931573803e+00 -5.8026282652e+02
7.9980449658e+00 -5.8628651292e+02
8.0029325513e+00 -5.9659650776e+02
8.0078201369e+00 -6.1128905893e+02
8.0127077224e+00 -6.2623847033e+02
8.0175953079e+00 -6.4144923248e+02
8.0224828935e+00 -6.5692591441e+02
8.0273704790e+00 -6.7267316501e+02
8.0322580645e+00 -6.8869571446e+02
8.0371456500e+00 -7.0499837562e+02
8.0420332356e+00 -7.2158604552e+02
8.0469208211e+00 -7.3846370676e+02
8.0518084066e+00 -7.5563642907e+02
8.0566959922e+00 -7.7310937083e+02
8.0615835777e+00 -7.9088778056e+02
8.0664711632e+00 -8.0897699855e+02
8.0713587488e+00 -8.2738245848e+02
8.0762463343e+00 -8.4610968899e+02
8.0811339198e+00 -8.6516431537e+02
8.0860215054e+00 -8.8455206129e+02
8.0909090909e+00 -9.0427875044e+02
8.0957966764e+00 -9.2435030836e+02
8.1006842620e+00 -9.4477276416e+02
8.1055718475e+00 -9.6555225234e+02
8.1104594330e+00 -9.8669501468e+02
8.1153470186e+00 -1.0082074021e+03
8.1202346041e+00 -1.0300958764e+03
8.1251221896e+00 -1.0523670126e+03
8.1300097752e+00 -1.0750275004e+03
8.1348973607e+00 -1.0980841467e+03
8.1397849462e+00 -1.1215438771e+03
8.1446725318e+00 -1.1454137387e+03
8.1495601173e+00 -1.1697009014e+03
8.1544477028e+00 -1.1944126606e+03
8.1593352884e+00 -1.2195564393e+03
8.1642228739e+00 -1.2451397901e+03
8.1691104594e+00 -1.2711703979e+03
8.1739980450e+00 -1.2976560818e+03
8.1788856305e+00 -1.3246047974e+03
8.1837732160e+00 -1.3520246398e+03
8.1886608016e+00 -1.3799238453e+03
8.1935483871e+00 -1.4083107943e+03
8.1984359726e+00 -1.4371940137e+03
8.2033235582e+00 -1.4665821794e+03
8.2082111437e+00 -1.4964841192e+03
8.2130987292e+00 -1.5269088150e+03
8.2179863148e+00 -1.5578654058e+03
8.2228739003e+00 -1.5893631903e+03
8.2277614858e+00 -1.6214116299e+03
8.2326490714e+00 -1.6540203514e+03
8.2375366569e+00 -1.6871991497e+03
8.2424242424e+00 -1.7209579912e+03
8.2473118280e+00 -1.7553070164e+03
8.2521994135e+00 -1.7902565430e+03
8.2570869990e+00 -1.8258170693e+03
8.2619745846e+00 -1.8619992769e+03
8.2668621701e+00 -1.8988140343e+03
8.2717497556e+00 -1.9362724000e+03
8.2766373412e+00 -1.9743856257e+03
8.2815249267e+00 -2.0131651599e+03
8.2864125122e+00 -2.0526226513e+03
8.2913000978e+00 -2.0927699520e+03
8.2961876833e+00 -2.1336191217e+03
8.3010752688e+00 -2.1751824307e+03
8.3059628543e+00 -2.2174723636e+03
8.3108504399e+00 -2.2605016238e+03
8.3157380254e+00 -2.3042831362e+03
8.3206256109e+00 -2.3488300521e+03
8.3255131965e+00 -2.3941557525e+03
8.3304007820e+00 -2.4402738524e+03
8.3352883675e+00 -2.4871982048e+03
8.3401759531e+00 -2.5349429048e+03
8.3450635386e+00 -2.5835222940e+03
8.3499511241e+00 -2.6329509649e+03
8.3548387097e+00 -2.6832437648e+03
8.3597262952e+00 -2.7344158007e+03
8.3646138807e+00 -2.7864824437e+03
8.3695014663e+00 -2.8394593337e+03
8.3743890518e+00 -2.8933623838e+03
8.3792766373e+00 -2.9482077857e+03
8.3841642229e+00 -3.0040120137e+03
8.3890518084e+00 -3.0607918304e+03
8.3939393939e+00 -3.1185642913e+03
8.3988269795e+00 -3.1773467503e+03
8.4037145650e+00 -3.2371568645e+03
8.4086021505e+00 -3.2980125996e+03
8.4134897361e+00 -3.3599322356e+03
8.4183773216e+00 -3.4229343720e+03
8.4232649071e+00 -3.4870379334e+03
8.4281524927e+00 -3.5522621753e+03
8.4330400782e+00 -3.6186266898e+03
8.4379276637e+00 -3.6861514116e+03
8.4428152493e+00 -3.7548566237e+03
8.4477028348e+00 -3.8247629640e+03
8.4525904203e+00 -3.8958914310e+03
8.4574780059e+00 -3.9682633903e+03
8.4623655914e+00 -4.0419005811e+03
8.4672531769e+00 -4.1168251225e+03
8.4721407625e+00 -4.1930595206e+03
8.4770283480e+00 -4.2706266746e+03
8.4819159335e+00 -4.3495498842e+03
8.4868035191e+00 -4.4298528566e+03
8.4916911046e+00 -4.5115597131e+03
8.4965786901e+00 -4.5946949969e+03
8.5014662757e+00 -4.6792836804e+03
8.5063538612e+00 -4.7653511723e+03
8.5112414467e+00 -4.8529233257e+03
8.5161290323e+00 -4.9420264456e+03
8.5210166178e+00 -5.0326872969e+03
8.5259042033e+00 -5.1249331124e+03
8.5307917889e+00 -5.2187916009e+03
8.5356793744e+00 -5.3142909557e+03
8.5405669599e+00 -5.4114598631e+03
8.5454545455e+00 -5.5103275108e+03
8.5503421310e+00 -5.6109235967e+03
8.5552297165e+00 -5.7132783379e+03
8.5601173021e+00 -5.8174224799e+03
8.5650048876e+00 -5.9233873056e+03
8.5698924731e+00 -6.0312046448e+03
8.5747800587e+00 -6.1409068838e+03
8.5796676442e+00 -6.2525269751e+03
8.5845552297e+00 -6.3660984472e+03
8.5894428152e+00 -6.4816554147e+03
8.5943304008e+00 -6.5992325890e+03
8.5992179863e+00 -6.7188652878e+03
8.6041055718e+00 -6.8405894466e+03
8.6089931574e+00 -6.9644416289e+03
8.6138807429e+00 -7.0904590377e+03
8.6187683284e+00 -7.2186795262e+03
8.6236559140e+00 -7.3491416093e+03
8.6285434995e+00 -7.4818844754e+03
8.6334310850e+00 -7.6169479980e+03
8.6383186706e+00 -7.7543727474e+03
8.6432062561e+00 -7.8942000036e+03
8.6480938416e+00 -8.0364717680e+03
8.6529814272e+00 -8.1812307762e+03
8.6578690127e+00 -8.3285205112e+03
8.6627565982e+00 -8.4783852160e+03
8.6676441838e+00 -8.6308699070e+03
8.6725317693e+00 -8.7860203879e+03
8.6774193548e+00 -8.9438832628e+03
8.6823069404e+00 -9.1045059508e+03
8.6871945259e+00 -9.2679366998e+03
8.6920821114e+00 -9.4342246013e+03
8.6969696970e+00 -9.6034196052e+03
8.7018572825e+00 -9.7755725342e+03
8.7067448680e+00 -9.9507350999e+03
8.7116324536e+00 -1.0128959918e+04
8.7165200391e+00 -1.0310300523e+04
8.7214076246e+00 -1.0494811388e+04
8.7262952102e+00 -1.0682547934e+04
8.7311827957e+00 -1.0873566556e+04
8.7360703812e+00 -1.1067924630e+04
8.7409579668e+00 -1.1265680540e+04
8.7458455523e+00 -1.1466893686e+04
8.7507331378e+00 -1.1671624510e+04
8.7556207234e+00 -1.1879934508e+04
8.7605083089e+00 -1.2091886253e+04
8.7653958944e+00 -1.2307543411e+04
8.7702834800e+00 -1.2526970763e+04
8.7751710655e+00 -1.2750234218e+04
8.7800586510e+00 -1.2977400842e+04
8.7849462366e+00 -1.3208538871e+04
8.7898338221e+00 -1.3443717734e+04
8.7947214076e+00 -1.3683008076e+04
8.7996089932e+00 -1.3926481773e+04
8.8044965787e+00 -1.4174211961e+04
8.8093841642e+00 -1.4426273053e+04
8.8142717498e+00 -1.4682740764e+04
8.8191593353e+00 -1.4943692132e+04
8.8240469208e+00 -1.5209205541e+04
8.8289345064e+00 -1.5479360747e+04
8.8338220919e+00 -1.5754238900e+04
8.8387096774e+00 -1.6033922566e+04
8.8435972630e+00 -1.6318495759e+04
8.8484848485e+00 -1.6608043958e+04
8.8533724340e+00 -1.6902654138e+04
8.8582600196e+00 -1.7202414794e+04
8.8631476051e+00 -1.7507415970e+04
8.8680351906e+00 -1.7817749281e+04
8.8729227761e+00 -1.8133507945e+04
8.8778103617e+00 -1.8454786811e+04
8.8826979472e+00 -1.8781682385e+04
8.8875855327e+00 -1.9114292859e+04
8.8924731183e+00 -1.9452718144e+04
8.8973607038e+00 -1.9797059896e+04
8.9022482893e+00 -2.0147421549e+04
8.9071358749e+00 -2.0503908345e+04
8.9120234604e+00 -2.0866627366e+04
8.9169110459e+00 -2.1235687565e+04
8.9217986315e+00 -2.1611199802e+04
8.9266862170e+00 -2.1993276873e+04
8.9315738025e+00 -2.2382033546e+04
8.9364613881e+00 -2.2777586597e+04
8.9413489736e+00 -2.3180054843e+04
8.9462365591e+00 -2.3589559177e+04
8.9511241447e+00 -2.4006222606e+04
8.9560117302e+00 -2.4430170289e+04
8.9608993157e+00 -2.4861529570e+04
8.9657869013e+00 -2.5300430023e+04
8.9706744868e+00 -2.5747003485e+04
8.9755620723e+00 -2.6201384098e+04
8.9804496579e+00 -2.6663708348e+04
8.9853372434e+00 -2.7134115110e+04
8.9902248289e+00 -2.7612745685e+04
8.9951124145e+00 -2.8099743844e+04
9.0000000000e+00 -2.8595255872e+04
