# Y  T(Y)
-2.8595255872e+04 1.0000000000e+09
-2.8567302841e+04 9.9936868912e+08
-2.8539349809e+04 9.9873737824e+08
-2.8511396777e+04 9.9810606736e+08
-2.8483443746e+04 9.9747475648e+08
-2.8455490714e+04 9.9684344561e+08
-2.8427537683e+04 9.9621213473e+08
-2.8399584651e+04 9.9558082385e+08
-2.8371631619e+04 9.9494951297e+08
-2.8343678588e+04 9.9431820209e+08
-2.8315725556e+04 9.9368689121e+08
-2.8287772524e+04 9.9305558033e+08
-2.8259819493e+04 9.9242426945e+08
-2.8231866461e+04 9.9179295857e+08
-2.8203913429e+04 9.9116164770e+08
-2.8175960398e+04 9.9053033682e+08
-2.8148007366e+04 9.8989902594e+08
-2.8120054335e+04 9.8926771506e+08
-2.8092101303e+04 9.8863535203e+08
-2.8064148271e+04 9.8800019287e+08
-2.8036195240e+04 9.8736503370e+08
-2.8008242208e+04 9.8672987454e+08
-2.7980289176e+04 9.8609471537e+08
-2.7952336145e+04 9.8545955621e+08
-2.7924383113e+04 9.8482439704e+08
-2.7896430081e+04 9.8418923787e+08
-2.7868477050e+04 9.8355407871e+08
-2.7840524018e+04 9.8291891954e+08
-2.7812570987e+04 9.8228376038e+08
-2.7784617955e+04 9.8164860121e+08
-2.7756664923e+04 9.8101344205e+08
-2.7728711892e+04 9.8037828288e+08
-2.7700758860e+04 9.7974312372e+08
-2.7672805828e+04 9.7910796455e+08
-2.7644852797e+04 9.7847280538e+08
-2.7616899765e+04 9.7783764622e+08
-2.7588946733e+04 9.7719919069e+08
-2.7560993702e+04 9.7656015978e+08
-2.7533040670e+04 9.7592112887e+08
-2.7505087639e+04 9.7528209796e+08
-2.7477134607e+04 9.7464306705e+08
-2.7449181575e+04 9.7400403613e+08
-2.7421228544e+04 9.7336500522e+08
-2.7393275512e+04 9.7272597431e+08
-2.7365322480e+04 9.7208694340e+08
-2.7337369449e+04 9.7144791249e+08
-2.7309416417e+04 9.7080888158e+08
-2.7281463385e+04 9.7016985067e+08
-2.7253510354e+04 9.6953081976e+08
-2.7225557322e+04 9.6889178885e+08
-2.7197604291e+04 9.6825275794e+08
-2.7169651259e+04 9.6761372703e+08
-2.7141698227e+04 9.6697469612e+08
-2.7113745196e+04 9.6633282660e+08
-2.7085792164e+04 9.6568990034e+08
-2.7057839132e+04 9.6504697409e+08
-2.7029886101e+04 9.6440404783e+08
-2.7001933069e+04 9.6376112158e+08
-2.6973980037e+04 9.6311819532e+08
-2.6946027006e+04 9.6247526906e+08
-2.6918073974e+04 9.6183234281e+08
-2.6890120943e+04 9.6118941655e+08
-2.6862167911e+04 9.6054649030e+08
-2.6834214879e+04 9.5990356404e+08
-2.6806261848e+04 9.5926063779e+08
-2.6778308816e+04 9.5861771153e+08
-2.6750355784e+04 9.5797478527e+08
-2.6722402753e+04 9.5733185902e+08
-2.6694449721e+04 9.5668893276e+08
-2.6666496689e+04 9.5604600651e+08
-2.6638543658e+04 9.5539955209e+08
-2.6610590626e+04 9.5475270675e+08
-2.6582637595e+04 9.5410586140e+08
-2.6554684563e+04 9.5345901605e+08
-2.6526731531e+04 9.5281217071e+08
-2.6498778500e+04 9.5216532536e+08
-2.6470825468e+04 9.5151848001e+08
-2.6442872436e+04 9.5087163467e+08
-2.6414919405e+04 9.5022478932e+08
-2.6386966373e+04 9.4957794398e+08
-2.6359013341e+04 9.4893109863e+08
-2.6331060310e+04 9.4828425328e+08
-2.6303107278e+04 9.4763740794e+08
-2.6275154246e+04 9.4699056259e+08
-2.6247201215e+04 9.4634371724e+08
-2.6219248183e+04 9.4569687190e+08
-2.6191295152e+04 9.4504860343e+08
-2.6163342120e+04 9.4439781510e+08
-2.6135389088e+04 9.4374702678e+08
-2.6107436057e+04 9.4309623845e+08
-2.6079483025e+04 9.4244545013e+08
-2.6051529993e+04 9.4179466180e+08
-2.6023576962e+04 9.4114387347e+08
-2.5995623930e+04 9.4049308515e+08
-2.5967670898e+04 9.3984229682e+08
-2.5939717867e+04 9.3919150849e+08
-2.5911764835e+04 9.3854072017e+08
-2.5883811804e+04 9.3788993184e+08
-2.5855858772e+04 9.3723914351e+08
-2.5827905740e+04 9.3658835519e+08
-2.5799952709e+04 9.3593756686e+08
-2.5771999677e+04 9.3528677853e+08
-2.5744046645e+04 9.3463557058e+08
-2.5716093614e+04 9.3398081524e+08
-2.5688140582e+04 9.3332605990e+08
-2.5660187550e+04 9.3267130455e+08
-2.5632234519e+04 9.3201654921e+08
-2.5604281487e+04 9.3136179387e+08
-2.5576328456e+04 9.3070703853e+08
-2.5548375424e+04 9.3005228319e+08
-2.5520422392e+04 9.2939752784e+08
-2.5492469361e+04 9.2874277250e+08
-2.5464516329e+04 9.2808801716e+08
-2.5436563297e+04 9.2743326182e+08
-2.5408610266e+04 9.2677850648e+08
-2.5380657234e+04 9.2612375113e+08
-2.5352704202e+04 9.2546899579e+08
-2.5324751171e+04 9.2481424045e+08
-2.5296798139e+04 9.2415896654e+08
-2.5268845108e+04 9.2350022000e+08
-2.5240892076e+04 9.2284147346e+08
-2.5212939044e+04 9.2218272692e+08
-2.5184986013e+04 9.2152398038e+08
-2.5157032981e+04 9.2086523384e+08
-2.5129079949e+04 9.2020648730e+08
-2.5101126918e+04 9.1954774077e+08
-2.5073173886e+04 9.1888899423e+08
-2.5045220854e+04 9.1823024769e+08
-2.5017267823e+04 9.1757150115e+08
-2.4989314791e+04 9.1691275461e+08
-2.4961361760e+04 9.1625400807e+08
-2.4933408728e+04 9.1559526153e+08
-2.4905455696e+04 9.1493651499e+08
-2.4877502665e+04 9.1427776845e+08
-2.4849549633e+04 9.1361730096e+08
-2.4821596601e+04 9.1295453890e+08
-2.4793643570e+04 9.1229177683e+08
-2.4765690538e+04 9.1162901477e+08
-2.4737737506e+04 9.1096625270e+08
-2.4709784475e+04 9.1030349064e+08
-2.4681831443e+04 9.0964072857e+08
-2.4653878412e+04 9.0897796651e+08
-2.4625925380e+04 9.0831520444e+08
-2.4597972348e+04 9.0765244237e+08
-2.4570019317e+04 9.0698968031e+08
-2.4542066285e+04 9.0632691824e+08
-2.4514113253e+04 9.0566415618e+08
-2.4486160222e+04 9.0500139411e+08
-2.4458207190e+04 9.0433863205e+08
-2.4430254158e+04 9.0367586998e+08
-2.4402301127e+04 9.0300908003e+08
-2.4374348095e+04 9.0234227796e+08
-2.4346395064e+04 9.0167547589e+08
-2.4318442032e+04 9.0100867382e+08
-2.4290489000e+04 9.0034187176e+08
-2.4262535969e+04 8.9967506969e+08
-2.4234582937e+04 8.9900826762e+08
-2.4206629905e+04 8.9834146555e+08
-2.4178676874e+04 8.9767466348e+08
-2.4150723842e+04 8.9700786141e+08
-2.4122770810e+04 8.9634105934e+08
-2.4094817779e+04 8.9567425727e+08
-2.4066864747e+04 8.9500745520e+08
-2.4038911716e+04 8.9434065313e+08
-2.4010958684e+04 8.9367385106e+08
-2.3983005652e+04 8.9300367303e+08
-2.3955052621e+04 8.9233280633e+08
-2.3927099589e+04 8.9166193963e+08
-2.3899146557e+04 8.9099107293e+08
-2.3871193526e+04 8.9032020623e+08
-2.3843240494e+04 8.8964933953e+08
-2.3815287462e+04 8.8897847283e+08
-2.3787334431e+04 8.8830760613e+08
-2.3759381399e+04 8.8763673943e+08
-2.3731428368e+04 8.8696587273e+08
-2.3703475336e+04 8.8629500603e+08
-2.3675522304e+04 8.8562413933e+08
-2.3647569273e+04 8.8495327263e+08
-2.3619616241e+04 8.8428240593e+08
-2.3591663209e+04 8.8361153923e+08
-2.3563710178e+04 8.8293689094e+08
-2.3535757146e+04 8.8226193483e+08
-2.3507804114e+04 8.8158697872e+08
-2.3479851083e+04 8.8091202261e+08
-2.3451898051e+04 8.8023706651e+08
-2.3423945019e+04 8.7956211040e+08
-2.3395991988e+04 8.7888715429e+08
-2.3368038956e+04 8.7821219819e+08
-2.3340085925e+04 8.7753724208e+08
-2.3312132893e+04 8.7686228597e+08
-2.3284179861e+04 8.7618732986e+08
-2.3256226830e+04 8.7551237376e+08
-2.3228273798e+04 8.7483741765e+08
-2.3200320766e+04 8.7416246154e+08
-2.3172367735e+04 8.7348637399e+08
-2.3144414703e+04 8.7280730355e+08
-2.3116461671e+04 8.7212823310e+08
-2.3088508640e+04 8.7144916266e+08
-2.3060555608e+04 8.7077009222e+08
-2.3032602577e+04 8.7009102178e+08
-2.3004649545e+04 8.6941195134e+08
-2.2976696513e+04 8.6873288089e+08
-2.2948743482e+04 8.6805381045e+08
-2.2920790450e+04 8.6737474001e+08
-2.2892837418e+04 8.6669566957e+08
-2.2864884387e+04 8.6601659912e+08
-2.2836931355e+04 8.6533752868e+08
-2.2808978323e+04 8.6465845824e+08
-2.2781025292e+04 8.6397938780e+08
-2.2753072260e+04 8.6329668716e+08
-2.2725119229e+04 8.6261347730e+08
-2.2697166197e+04 8.6193026744e+08
-2.2669213165e+04 8.6124705758e+08
-2.2641260134e+04 8.6056384773e+08
-2.2613307102e+04 8.5988063787e+08
-2.2585354070e+04 8.5919742801e+08
-2.2557401039e+04 8.5851421816e+08
-2.2529448007e+04 8.5783100830e+08
-2.2501494975e+04 8.5714779844e+08
-2.2473541944e+04 8.5646458858e+08
-2.2445588912e+04 8.5578137873e+08
-2.2417635881e+04 8.5509816887e+08
-2.2389682849e+04 8.5441495901e+08
-2.2361729817e+04 8.5372872416e+08
-2.2333776786e+04 8.5304134965e+08
-2.2305823754e+04 8.5235397515e+08
-2.2277870722e+04 8.5166660064e+08
-2.2249917691e+04 8.5097922614e+08
-2.2221964659e+04 8.5029185163e+08
-2.2194011627e+04 8.4960447713e+08
-2.2166058596e+04 8.4891710262e+08
-2.2138105564e+04 8.4822972812e+08
-2.2110152533e+04 8.4754235361e+08
-2.2082199501e+04 8.4685497911e+08
-2.2054246469e+04 8.4616760460e+08
-2.2026293438e+04 8.4548023010e+08
-2.1998340406e+04 8.4479285559e+08
-2.1970387374e+04 8.4410205005e+08
-2.1942434343e+04 8.4341048551e+08
-2.1914481311e+04 8.4271892098e+08
-2.1886528279e+04 8.4202735644e+08
-2.1858575248e+04 8.4133579190e+08
-2.1830622216e+04 8.4064422736e+08
-2.1802669185e+04 8.3995266282e+08
-2.1774716153e+04 8.3926109828e+08
-2.1746763121e+04 8.3856953374e+08
-2.1718810090e+04 8.3787796920e+08
-2.1690857058e+04 8.3718640466e+08
-2.1662904026e+04 8.3649484012e+08
-2.1634950995e+04 8.3580327558e+08
-2.1606997963e+04 8.3511107737e+08
-2.1579044931e+04 8.3441529726e+08
-2.1551091900e+04 8.3371951714e+08
-2.1523138868e+04 8.3302373703e+08
-2.1495185837e+04 8.3232795691e+08
-2.1467232805e+04 8.3163217680e+08
-2.1439279773e+04 8.3093639668e+08
-2.1411326742e+04 8.3024061657e+08
-2.1383373710e+04 8.2954483646e+08
-2.1355420678e+04 8.2884905634e+08
-2.1327467647e+04 8.2815327623e+08
-2.1299514615e+04 8.2745749611e+08
-2.1271561583e+04 8.2676171600e+08
-2.1243608552e+04 8.2606593588e+08
-2.1215655520e+04 8.2536711634e+08
-2.1187702489e+04 8.2466709495e+08
-2.1159749457e+04 8.2396707356e+08
-2.1131796425e+04 8.2326705218e+08
-2.1103843394e+04 8.2256703079e+08
-2.1075890362e+04 8.2186700940e+08
-2.1047937330e+04 8.2116698802e+08
-2.1019984299e+04 8.2046696663e+08
-2.0992031267e+04 8.1976694524e+08
-2.0964078235e+04 8.1906692386e+08
-2.0936125204e+04 8.1836690247e+08
-2.0908172172e+04 8.1766688108e+08
-2.0880219141e+04 8.1696685970e+08
-2.0852266109e+04 8.1626464602e+08
-2.0824313077e+04 8.1556035750e+08
-2.0796360046e+04 8.1485606899e+08
-2.0768407014e+04 8.1415178048e+08
-2.0740453982e+04 8.1344749197e+08
-2.0712500951e+04 8.1274320345e+08
-2.0684547919e+04 8.1203891494e+08
-2.0656594887e+04 8.1133462643e+08
-2.0628641856e+04 8.1063033792e+08
-2.0600688824e+04 8.0992604941e+08
-2.0572735792e+04 8.0922176089e+08
-2.0544782761e+04 8.0851747238e+08
-2.0516829729e+04 8.0781318387e+08
-2.0488876698e+04 8.0710658674e+08
-2.0460923666e+04 8.0639800509e+08
-2.0432970634e+04 8.0568942344e+08
-2.0405017603e+04 8.0498084179e+08
-2.0377064571e+04 8.0427226014e+08
-2.0349111539e+04 8.0356367849e+08
-2.0321158508e+04 8.0285509684e+08
-2.0293205476e+04 8.0214651519e+08
-2.0265252444e+04 8.0143793354e+08
-2.0237299413e+04 8.0072935189e+08
-2.0209346381e+04 8.0002077024e+08
-2.0181393350e+04 7.9931218859e+08
-2.0153440318e+04 7.9860360695e+08
-2.0125487286e+04 7.9789163601e+08
-2.0097534255e+04 7.9717873505e+08
-2.0069581223e+04 7.9646583410e+08
-2.0041628191e+04 7.9575293314e+08
-2.0013675160e+04 7.9504003219e+08
-1.9985722128e+04 7.9432713123e+08
-1.9957769096e+04 7.9361423028e+08
-1.9929816065e+04 7.9290132932e+08
-1.9901863033e+04 7.9218842836e+08
-1.9873910002e+04 7.9147552741e+08
-1.9845956970e+04 7.9076262645e+08
-1.9818003938e+04 7.9004972550e+08
-1.9790050907e+04 7.8933573491e+08
-1.9762097875e+04 7.8861848832e+08
-1.9734144843e+04 7.8790124172e+08
-1.9706191812e+04 7.8718399513e+08
-1.9678238780e+04 7.8646674854e+08
-1.9650285748e+04 7.8574950195e+08
-1.9622332717e+04 7.8503225536e+08
-1.9594379685e+04 7.8431500877e+08
-1.9566426654e+04 7.8359776217e+08
-1.9538473622e+04 7.8288051558e+08
-1.9510520590e+04 7.8216326899e+08
-1.9482567559e+04 7.8144602240e+08
-1.9454614527e+04 7.8072877581e+08
-1.9426661495e+04 7.8000745370e+08
-1.9398708464e+04 7.7928583499e+08
-1.9370755432e+04 7.7856421627e+08
-1.9342802400e+04 7.7784259755e+08
-1.9314849369e+04 7.7712097883e+08
-1.9286896337e+04 7.7639936012e+08
-1.9258943306e+04 7.7567774140e+08
-1.9230990274e+04 7.7495612268e+08
-1.9203037242e+04 7.7423450396e+08
-1.9175084211e+04 7.7351288525e+08
-1.9147131179e+04 7.7279126653e+08
-1.9119178147e+04 7.7206964781e+08
-1.9091225116e+04 7.7134439908e+08
-1.9063272084e+04 7.7061838159e+08
-1.9035319052e+04 7.6989236409e+08
-1.9007366021e+04 7.6916634660e+08
-1.8979412989e+04 7.6844032911e+08
-1.8951459958e+04 7.6771431161e+08
-1.8923506926e+04 7.6698829412e+08
-1.8895553894e+04 7.6626227662e+08
-1.8867600863e+04 7.6553625913e+08
-1.8839647831e+04 7.6481024163e+08
-1.8811694799e+04 7.6408422414e+08
-1.8783741768e+04 7.6335820665e+08
-1.8755788736e+04 7.6262808961e+08
-1.8727835704e+04 7.6189764652e+08
-1.8699882673e+04 7.6116720344e+08
-1.8671929641e+04 7.6043676035e+08
-1.8643976610e+04 7.5970631727e+08
-1.8616023578e+04 7.5897587419e+08
-1.8588070546e+04 7.5824543110e+08
-1.8560117515e+04 7.5751498802e+08
-1.8532164483e+04 7.5678454493e+08
-1.8504211451e+04 7.5605410185e+08
-1.8476258420e+04 7.5532365876e+08
-1.8448305388e+04 7.5459218327e+08
-1.8420352356e+04 7.5385728762e+08
-1.8392399325e+04 7.5312239196e+08
-1.8364446293e+04 7.5238749631e+08
-1.8336493262e+04 7.5165260066e+08
-1.8308540230e+04 7.5091770501e+08
-1.8280587198e+04 7.5018280936e+08
-1.8252634167e+04 7.4944791370e+08
-1.8224681135e+04 7.4871301805e+08
-1.8196728103e+04 7.4797812240e+08
-1.8168775072e+04 7.4724322675e+08
-1.8140822040e+04 7.4650833110e+08
-1.8112869008e+04 7.4577012788e+08
-1.8084915977e+04 7.4503075252e+08
-1.8056962945e+04 7.4429137716e+08
-1.8029009914e+04 7.4355200180e+08
-1.8001056882e+04 7.4281262643e+08
-1.7973103850e+04 7.4207325107e+08
-1.7945150819e+04 7.4133387571e+08
-1.7917197787e+04 7.4059450035e+08
-1.7889244755e+04 7.3985512499e+08
-1.7861291724e+04 7.3911574963e+08
-1.7833338692e+04 7.3837637427e+08
-1.7805385660e+04 7.3763500545e+08
-1.7777432629e+04 7.3689112308e+08
-1.7749479597e+04 7.3614724070e+08
-1.7721526566e+04 7.3540335832e+08
-1.7693573534e+04 7.3465947594e+08
-1.7665620502e+04 7.3391559357e+08
-1.7637667471e+04 7.3317171119e+08
-1.7609714439e+04 7.3242782881e+08
-1.7581761407e+04 7.3168394643e+08
-1.7553808376e+04 7.3094006406e+08
-1.7525855344e+04 7.3019618168e+08
-1.7497902312e+04 7.2945075601e+08
-1.7469949281e+04 7.2870233915e+08
-1.7441996249e+04 7.2795392228e+08
-1.7414043217e+04 7.2720550541e+08
-1.7386090186e+04 7.2645708855e+08
-1.7358137154e+04 7.2570867168e+08
-1.7330184123e+04 7.2496025481e+08
-1.7302231091e+04 7.2421183795e+08
-1.7274278059e+04 7.2346342108e+08
-1.7246325028e+04 7.2271500421e+08
-1.7218371996e+04 7.2196658735e+08
-1.7190418964e+04 7.2121621268e+08
-1.7162465933e+04 7.2046323368e+08
-1.7134512901e+04 7.1971025468e+08
-1.7106559869e+04 7.1895727568e+08
-1.7078606838e+04 7.1820429669e+08
-1.7050653806e+04 7.1745131769e+08
-1.7022700775e+04 7.1669833869e+08
-1.6994747743e+04 7.1594535969e+08
-1.6966794711e+04 7.1519238070e+08
-1.6938841680e+04 7.1443940170e+08
-1.6910888648e+04 7.1368642270e+08
-1.6882935616e+04 7.1293020589e+08
-1.6854982585e+04 7.1217263695e+08
-1.6827029553e+04 7.1141506801e+08
-1.6799076521e+04 7.1065749907e+08
-1.6771123490e+04 7.0989993014e+08
-1.6743170458e+04 7.0914236120e+08
-1.6715217427e+04 7.0838479226e+08
-1.6687264395e+04 7.0762722333e+08
-1.6659311363e+04 7.0686965439e+08
-1.6631358332e+04 7.0611208545e+08
-1.6603405300e+04 7.0535375019e+08
-1.6575452268e+04 7.0459156334e+08
-1.6547499237e+04 7.0382937648e+08
-1.6519546205e+04 7.0306718963e+08
-1.6491593173e+04 7.0230500277e+08
-1.6463640142e+04 7.0154281591e+08
-1.6435687110e+04 7.0078062906e+08
-1.6407734079e+04 7.0001844220e+08
-1.6379781047e+04 6.9925625535e+08
-1.6351828015e+04 6.9849406849e+08
-1.6323874984e+04 6.9773188163e+08
-1.6295921952e+04 6.9696594279e+08
-1.6267968920e+04 6.9619910986e+08
-1.6240015889e+04 6.9543227694e+08
-1.6212062857e+04 6.9466544402e+08
-1.6184109825e+04 6.9389861109e+08
-1.6156156794e+04 6.9313177817e+08
-1.6128203762e+04 6.9236494524e+08
-1.6100250731e+04 6.9159811232e+08
-1.6072297699e+04 6.9083127939e+08
-1.6044344667e+04 6.9006444647e+08
-1.6016391636e+04 6.8929468197e+08
-1.5988438604e+04 6.8852317466e+08
-1.5960485572e+04 6.8775166734e+08
-1.5932532541e+04 6.8698016003e+08
-1.5904579509e+04 6.8620865272e+08
-1.5876626477e+04 6.8543714540e+08
-1.5848673446e+04 6.8466563809e+08
-1.5820720414e+04 6.8389413077e+08
-1.5792767383e+04 6.8312262346e+08
-1.5764814351e+04 6.8235111615e+08
-1.5736861319e+04 6.8157668519e+08
-1.5708908288e+04 6.8080047499e+08
-1.5680955256e+04 6.8002426479e+08
-1.5653002224e+04 6.7924805460e+08
-1.5625049193e+04 6.7847184440e+08
-1.5597096161e+04 6.7769563420e+08
-1.5569143129e+04 6.7691942401e+08
-1.5541190098e+04 6.7614321381e+08
-1.5513237066e+04 6.7536700361e+08
-1.5485284035e+04 6.7459079342e+08
-1.5457331003e+04 6.7381085429e+08
-1.5429377971e+04 6.7302991254e+08
-1.5401424940e+04 6.7224897080e+08
-1.5373471908e+04 6.7146802905e+08
-1.5345518876e+04 6.7068708730e+08
-1.5317565845e+04 6.6990614555e+08
-1.5289612813e+04 6.6912520381e+08
-1.5261659781e+04 6.6834426206e+08
-1.5233706750e+04 6.6756332031e+08
-1.5205753718e+04 6.6678179072e+08
-1.5177800687e+04 6.6599608858e+08
-1.5149847655e+04 6.6521038644e+08
-1.5121894623e+04 6.6442468430e+08
-1.5093941592e+04 6.6363898216e+08
-1.5065988560e+04 6.6285328002e+08
-1.5038035528e+04 6.6206757788e+08
-1.5010082497e+04 6.6128187574e+08
-1.4982129465e+04 6.6049617360e+08
-1.4954176433e+04 6.5971047146e+08
-1.4926223402e+04 6.5892177627e+08
-1.4898270370e+04 6.5813128472e+08
-1.4870317339e+04 6.5734079317e+08
-1.4842364307e+04 6.5655030161e+08
-1.4814411275e+04 6.5575981006e+08
-1.4786458244e+04 6.5496931851e+08
-1.4758505212e+04 6.5417882696e+08
-1.4730552180e+04 6.5338833541e+08
-1.4702599149e+04 6.5259784386e+08
-1.4674646117e+04 6.5180595694e+08
-1.4646693085e+04 6.5101064678e+08
-1.4618740054e+04 6.5021533663e+08
-1.4590787022e+04 6.4942002647e+08
-1.4562833990e+04 6.4862471631e+08
-1.4534880959e+04 6.4782940616e+08
-1.4506927927e+04 6.4703409600e+08
-1.4478974896e+04 6.4623878585e+08
-1.4451021864e+04 6.4544347569e+08
-1.4423068832e+04 6.4464760982e+08
-1.4395115801e+04 6.4384745168e+08
-1.4367162769e+04 6.4304729355e+08
-1.4339209737e+04 6.4224713541e+08
-1.4311256706e+04 6.4144697728e+08
-1.4283303674e+04 6.4064681914e+08
-1.4255350642e+04 6.3984666101e+08
-1.4227397611e+04 6.3904650288e+08
-1.4199444579e+04 6.3824634474e+08
-1.4171491548e+04 6.3744571192e+08
-1.4143538516e+04 6.3664067626e+08
-1.4115585484e+04 6.3583564059e+08
-1.4087632453e+04 6.3503060493e+08
-1.4059679421e+04 6.3422556926e+08
-1.4031726389e+04 6.3342053360e+08
-1.4003773358e+04 6.3261549793e+08
-1.3975820326e+04 6.3181046227e+08
-1.3947867294e+04 6.3100542661e+08
-1.3919914263e+04 6.3019923799e+08
-1.3891961231e+04 6.2938929506e+08
-1.3864008200e+04 6.2857935214e+08
-1.3836055168e+04 6.2776940921e+08
-1.3808102136e+04 6.2695946628e+08
-1.3780149105e+04 6.2614952336e+08
-1.3752196073e+04 6.2533958043e+08
-1.3724243041e+04 6.2452963750e+08
-1.3696290010e+04 6.2371969458e+08
-1.3668336978e+04 6.2290716038e+08
-1.3640383946e+04 6.2209228028e+08
-1.3612430915e+04 6.2127740018e+08
-1.3584477883e+04 6.2046252008e+08
-1.3556524852e+04 6.1964763998e+08
-1.3528571820e+04 6.1883275987e+08
-1.3500618788e+04 6.1801787977e+08
-1.3472665757e+04 6.1720299967e+08
-1.3444712725e+04 6.1638811957e+08
-1.3416759693e+04 6.1556844900e+08
-1.3388806662e+04 6.1474860163e+08
-1.3360853630e+04 6.1392875426e+08
-1.3332900598e+04 6.1310890689e+08
-1.3304947567e+04 6.1228905951e+08
-1.3276994535e+04 6.1146921214e+08
-1.3249041504e+04 6.1064936477e+08
-1.3221088472e+04 6.0982951739e+08
-1.3193135440e+04 6.0900691614e+08
-1.3165182409e+04 6.0818207121e+08
-1.3137229377e+04 6.0735722629e+08
-1.3109276345e+04 6.0653238137e+08
-1.3081323314e+04 6.0570753645e+08
-1.3053370282e+04 6.0488269152e+08
-1.3025417250e+04 6.0405784660e+08
-1.2997464219e+04 6.0323300168e+08
-1.2969511187e+04 6.0240673761e+08
-1.2941558156e+04 6.0157686468e+08
-1.2913605124e+04 6.0074699174e+08
-1.2885652092e+04 5.9991711880e+08
-1.2857699061e+04 5.9908724587e+08
-1.2829746029e+04 5.9825737293e+08
-1.2801792997e+04 5.9742750000e+08
-1.2773839966e+04 5.9659762706e+08
-1.2745886934e+04 5.9576696739e+08
-1.2717933902e+04 5.9493203580e+08
-1.2689980871e+04 5.9409710420e+08
-1.2662027839e+04 5.9326217260e+08
-1.2634074808e+04 5.9242724100e+08
-1.2606121776e+04 5.9159230940e+08
-1.2578168744e+04 5.9075737780e+08
-1.2550215713e+04 5.8992244620e+08
-1.2522262681e+04 5.8908665738e+08
-1.2494309649e+04 5.8824663629e+08
-1.2466356618e+04 5.8740661519e+08
-1.2438403586e+04 5.8656659409e+08
-1.2410450554e+04 5.8572657299e+08
-1.2382497523e+04 5.8488655189e+08
-1.2354544491e+04 5.8404653080e+08
-1.2326591460e+04 5.8320650970e+08
-1.2298638428e+04 5.8236485736e+08
-1.2270685396e+04 5.8151971573e+08
-1.2242732365e+04 5.8067457411e+08
-1.2214779333e+04 5.7982943249e+08
-1.2186826301e+04 5.7898429087e+08
-1.2158873270e+04 5.7813914925e+08
-1.2130920238e+04 5.7729400763e+08
-1.2102967206e+04 5.7644886601e+08
-1.2075014175e+04 5.7560061487e+08
-1.2047061143e+04 5.7475032151e+08
-1.2019108112e+04 5.7390002815e+08
-1.1991155080e+04 5.7304973479e+08
-1.1963202048e+04 5.7219944143e+08
-1.1935249017e+04 5.7134914808e+08
-1.1907295985e+04 5.7049885472e+08
-1.1879342953e+04 5.6964845167e+08
-1.1851389922e+04 5.6879297518e+08
-1.1823436890e+04 5.6793749868e+08
-1.1795483858e+04 5.6708202218e+08
-1.1767530827e+04 5.6622654568e+08
-1.1739577795e+04 5.6537106919e+08
-1.1711624763e+04 5.6451559269e+08
-1.1683671732e+04 5.6366011619e+08
-1.1655718700e+04 5.6280167241e+08
-1.1627765669e+04 5.6194098118e+08
-1.1599812637e+04 5.6108028995e+08
-1.1571859605e+04 5.6021959871e+08
-1.1543906574e+04 5.5935890748e+08
-1.1515953542e+04 5.5849821625e+08
-1.1488000510e+04 5.5763752502e+08
-1.1460047479e+04 5.5677554882e+08
-1.1432094447e+04 5.5590961106e+08
-1.1404141415e+04 5.5504367331e+08
-1.1376188384e+04 5.5417773555e+08
-1.1348235352e+04 5.5331179780e+08
-1.1320282321e+04 5.5244586004e+08
-1.1292329289e+04 5.5157992229e+08
-1.1264376257e+04 5.5071373824e+08
-1.1236423226e+04 5.4984252198e+08
-1.1208470194e+04 5.4897130573e+08
-1.1180517162e+04 5.4810008947e+08
-1.1152564131e+04 5.4722887321e+08
-1.1124611099e+04 5.4635765695e+08
-1.1096658067e+04 5.4548644069e+08
-1.1068705036e+04 5.4461522444e+08
-1.1040752004e+04 5.4373884577e+08
-1.1012798973e+04 5.4286231883e+08
-1.0984845941e+04 5.4198579189e+08
-1.0956892909e+04 5.4110926495e+08
-1.0928939878e+04 5.4023273802e+08
-1.0900986846e+04 5.3935621108e+08
-1.0873033814e+04 5.3847958231e+08
-1.0845080783e+04 5.3759771232e+08
-1.0817127751e+04 5.3671584233e+08
-1.0789174719e+04 5.3583397234e+08
-1.0761221688e+04 5.3495210235e+08
-1.0733268656e+04 5.3407023236e+08
-1.0705315625e+04 5.3318836237e+08
-1.0677362593e+04 5.3230549520e+08
-1.0649409561e+04 5.3141824958e+08
-1.0621456530e+04 5.3053100397e+08
-1.0593503498e+04 5.2964375836e+08
-1.0565550466e+04 5.2875651275e+08
-1.0537597435e+04 5.2786926714e+08
-1.0509644403e+04 5.2698202153e+08
-1.0481691371e+04 5.2609223744e+08
-1.0453738340e+04 5.2519958344e+08
-1.0425785308e+04 5.2430692944e+08
-1.0397832277e+04 5.2341427543e+08
-1.0369879245e+04 5.2252162143e+08
-1.0341926213e+04 5.2162896743e+08
-1.0313973182e+04 5.2073631343e+08
-1.0286020150e+04 5.1983893299e+08
-1.0258067118e+04 5.1894083764e+08
-1.0230114087e+04 5.1804274228e+08
-1.0202161055e+04 5.1714464692e+08
-1.0174208023e+04 5.1624655156e+08
-1.0146254992e+04 5.1534845620e+08
-1.0118301960e+04 5.1444827351e+08
-1.0090348929e+04 5.1354470362e+08
-1.0062395897e+04 5.1264113374e+08
-1.0034442865e+04 5.1173756385e+08
-1.0006489834e+04 5.1083399396e+08
-9.9785368020e+03 5.0993042408e+08
-9.9505837703e+03 5.0902682437e+08
-9.9226307387e+03 5.0811774659e+08
-9.8946777071e+03 5.0720866881e+08
-9.8667246754e+03 5.0629959102e+08
-9.8387716438e+03 5.0539051324e+08
-9.8108186122e+03 5.0448143546e+08
-9.7828655805e+03 5.0357235767e+08
-9.7549125489e+03 5.0265918421e+08
-9.7269595172e+03 5.0174456495e+08
-9.6990064856e+03 5.0082994569e+08
-9.6710534540e+03 4.9991532644e+08
-9.6431004223e+03 4.9900070718e+08
-9.6151473907e+03 4.9808608792e+08
-9.5871943591e+03 4.9716823253e+08
-9.5592413274e+03 4.9624803802e+08
-9.5312882958e+03 4.9532784351e+08
-9.5033352642e+03 4.9440764901e+08
-9.4753822325e+03 4.9348745450e+08
-9.4474292009e+03 4.9256725999e+08
-9.4194761692e+03 4.9164410597e+08
-9.3915231376e+03 4.9071830222e+08
-9.3635701060e+03 4.8979249848e+08
-9.3356170743e+03 4.8886669473e+08
-9.3076640427e+03 4.8794089099e+08
-9.2797110111e+03 4.8701508724e+08
-9.2517579794e+03 4.8608601718e+08
-9.2238049478e+03 4.8515457001e+08
-9.1958519161e+03 4.8422312283e+08
-9.1678988845e+03 4.8329167566e+08
-9.1399458529e+03 4.8236022849e+08
-9.1119928212e+03 4.8142878131e+08
-9.0840397896e+03 4.8049317705e+08
-9.0560867580e+03 4.7955605204e+08
-9.0281337263e+03 4.7861892704e+08
-9.0001806947e+03 4.7768180203e+08
-8.9722276630e+03 4.7674467703e+08
-8.9442746314e+03 4.7580755203e+08
-8.9163215998e+03 4.7486479456e+08
-8.8883685681e+03 4.7392195712e+08
-8.8604155365e+03 4.7297911968e+08
-8.8324625049e+03 4.7203628223e+08
-8.8045094732e+03 4.7109344479e+08
-8.7765564416e+03 4.7014866152e+08
-8.7486034099e+03 4.6920007681e+08
-8.7206503783e+03 4.6825149211e+08
-8.6926973467e+03 4.6730290740e+08
-8.6647443150e+03 4.6635432270e+08
-8.6367912834e+03 4.6540573799e+08
-8.6088382518e+03 4.6445259587e+08
-8.5808852201e+03 4.6349822887e+08
-8.5529321885e+03 4.6254386187e+08
-8.5249791568e+03 4.6158949487e+08
-8.4970261252e+03 4.6063512787e+08
-8.4690730936e+03 4.5967882285e+08
-8.4411200619e+03 4.5871863831e+08
-8.4131670303e+03 4.5775845376e+08
-8.3852139987e+03 4.5679826922e+08
-8.3572609670e+03 4.5583808468e+08
-8.3293079354e+03 4.5487790014e+08
-8.3013549038e+03 4.5391202746e+08
-8.2734018721e+03 4.5294598992e+08
-8.2454488405e+03 4.5197995237e+08
-8.2174958088e+03 4.5101391482e+08
-8.1895427772e+03 4.5004787728e+08
-8.1615897456e+03 4.4907770208e+08
-8.1336367139e+03 4.4810577585e+08
-8.1056836823e+03 4.4713384962e+08
-8.0777306507e+03 4.4616192339e+08
-8.0497776190e+03 4.4518999717e+08
-8.0218245874e+03 4.4421496650e+08
-7.9938715557e+03 4.4323711569e+08
-7.9659185241e+03 4.4225926489e+08
-7.9379654925e+03 4.4128141408e+08
-7.9100124608e+03 4.4030356327e+08
-7.8820594292e+03 4.3932312361e+08
-7.8541063976e+03 4.3833931211e+08
-7.8261533659e+03 4.3735550061e+08
-7.7982003343e+03 4.3637168911e+08
-7.7702473026e+03 4.3538787761e+08
-7.7422942710e+03 4.3440147480e+08
-7.7143412394e+03 4.3341166627e+08
-7.6863882077e+03 4.3242185775e+08
-7.6584351761e+03 4.3143204922e+08
-7.6304821445e+03 4.3044224069e+08
-7.6025291128e+03 4.2944931989e+08
-7.5745760812e+03 4.2845347777e+08
-7.5466230495e+03 4.2745763566e+08
-7.5186700179e+03 4.2646179355e+08
-7.4907169863e+03 4.2546595144e+08
-7.4627639546e+03 4.2446595706e+08
-7.4348109230e+03 4.2346404459e+08
-7.4068578914e+03 4.2246213211e+08
-7.3789048597e+03 4.2146021964e+08
-7.3509518281e+03 4.2045830717e+08
-7.3229987964e+03 4.1945068284e+08
-7.2950457648e+03 4.1844266300e+08
-7.2670927332e+03 4.1743464316e+08
-7.2391397015e+03 4.1642662332e+08
-7.2111866699e+03 4.1541695641e+08
-7.1832336383e+03 4.1440279198e+08
-7.1552806066e+03 4.1338862754e+08
-7.1273275750e+03 4.1237446311e+08
-7.0993745433e+03 4.1136029868e+08
-7.0714215117e+03 4.1034192393e+08
-7.0434684801e+03 4.0932157745e+08
-7.0155154484e+03 4.0830123097e+08
-6.9875624168e+03 4.0728088448e+08
-6.9596093852e+03 4.0625946279e+08
-6.9316563535e+03 4.0523289657e+08
-6.9037033219e+03 4.0420633036e+08
-6.8757502903e+03 4.0317976414e+08
-6.8477972586e+03 4.0215319792e+08
-6.8198442270e+03 4.0112198762e+08
-6.7918911953e+03 4.0008916375e+08
-6.7639381637e+03 3.9905633989e+08
-6.7359851321e+03 3.9802351602e+08
-6.7080321004e+03 3.9698825223e+08
-6.6800790688e+03 3.9594913257e+08
-6.6521260372e+03 3.9491001291e+08
-6.6241730055e+03 3.9387089325e+08
-6.5962199739e+03 3.9283109094e+08
-6.5682669422e+03 3.9178563711e+08
-6.5403139106e+03 3.9074018328e+08
-6.5123608790e+03 3.8969472945e+08
-6.4844078473e+03 3.8864927563e+08
-6.4564548157e+03 3.8759807652e+08
-6.4285017841e+03 3.8654624991e+08
-6.4005487524e+03 3.8549442331e+08
-6.3725957208e+03 3.8444259670e+08
-6.3446426891e+03 3.8338584875e+08
-6.3166896575e+03 3.8232761052e+08
-6.2887366259e+03 3.8126937228e+08
-6.2607835942e+03 3.8021113404e+08
-6.2328305626e+03 3.7914835047e+08
-6.2048775310e+03 3.7808366153e+08
-6.1769244993e+03 3.7701897258e+08
-6.1489714677e+03 3.7595428363e+08
-6.1210184360e+03 3.7488497706e+08
-6.0930654044e+03 3.7381379808e+08
-6.0651123728e+03 3.7274261910e+08
-6.0371593411e+03 3.7167144012e+08
-6.0092063095e+03 3.7059512252e+08
-5.9812532779e+03 3.6951741394e+08
-5.9533002462e+03 3.6843970537e+08
-5.9253472146e+03 3.6736199680e+08
-5.8973941829e+03 3.6627817943e+08
-5.8694411513e+03 3.6519390146e+08
-5.8414881197e+03 3.6410962349e+08
-5.8135350880e+03 3.6302442636e+08
-5.7855820564e+03 3.6193353895e+08
-5.7576290248e+03 3.6084265153e+08
-5.7296759931e+03 3.5975176412e+08
-5.7017229615e+03 3.5865812781e+08
-5.6737699298e+03 3.5756059067e+08
-5.6458168982e+03 3.5646305353e+08
-5.6178638666e+03 3.5536551638e+08
-5.5899108349e+03 3.5426295006e+08
-5.5619578033e+03 3.5315872265e+08
-5.5340047717e+03 3.5205449524e+08
-5.5060517400e+03 3.5094923823e+08
-5.4780987084e+03 3.4983827978e+08
-5.4501456768e+03 3.4872732132e+08
-5.4221926451e+03 3.4761636287e+08
-5.3942396135e+03 3.4650123252e+08
-5.3662865818e+03 3.4538350199e+08
-5.3383335502e+03 3.4426577146e+08
-5.3103805186e+03 3.4314708778e+08
-5.2824274869e+03 3.4202254389e+08
-5.2544744553e+03 3.4089800000e+08
-5.2265214237e+03 3.3977345610e+08
-5.1985683920e+03 3.3864395290e+08
-5.1706153604e+03 3.3751255411e+08
-5.1426623287e+03 3.3638115533e+08
-5.1147092971e+03 3.3524723409e+08
-5.0867562655e+03 3.3410893863e+08
-5.0588032338e+03 3.3297064317e+08
-5.0308502022e+03 3.3183189169e+08
-5.0028971706e+03 3.3068665752e+08
-4.9749441389e+03 3.2954142334e+08
-4.9469911073e+03 3.2839618917e+08
-4.9190380756e+03 3.2724521386e+08
-4.8910850440e+03 3.2609299867e+08
-4.8631320124e+03 3.2494078348e+08
-4.8351789807e+03 3.2378410979e+08
-4.8072259491e+03 3.2262487104e+08
-4.7792729175e+03 3.2146563228e+08
-4.7513198858e+03 3.2030284649e+08
-4.7233668542e+03 3.1913654135e+08
-4.6954138225e+03 3.1797023622e+08
-4.6674607909e+03 3.1680092410e+08
-4.6395077593e+03 3.1562750950e+08
-4.6115547276e+03 3.1445409491e+08
-4.5836016960e+03 3.1327784170e+08
-4.5556486644e+03 3.1209727432e+08
-4.5276956327e+03 3.1091670693e+08
-4.4997426011e+03 3.0973309728e+08
-4.4717895694e+03 3.0854533350e+08
-4.4438365378e+03 3.0735756972e+08
-4.4158835062e+03 3.0616618767e+08
-4.3879304745e+03 3.0497118363e+08
-4.3599774429e+03 3.0377617960e+08
-4.3320244113e+03 3.0257660852e+08
-4.3040713796e+03 3.0137432009e+08
-4.2761183480e+03 3.0017203165e+08
-4.2481653164e+03 2.9896385424e+08
-4.2202122847e+03 2.9775423701e+08
-4.1922592531e+03 2.9654440868e+08
-4.1643062214e+03 2.9532741798e+08
-4.1363531898e+03 2.9411042727e+08
-4.1084001582e+03 2.9289120067e+08
-4.0804471265e+03 2.9166679155e+08
-4.0524940949e+03 2.9044238242e+08
-4.0245410633e+03 2.8921333819e+08
-3.9965880316e+03 2.8798146543e+08
-3.9686350000e+03 2.8674959266e+08
-3.9406819683e+03 2.8551031059e+08
-3.9127289367e+03 2.8427092869e+08
-3.8847759051e+03 2.8302854257e+08
-3.8568228734e+03 2.8178160576e+08
-3.8288698418e+03 2.8053466895e+08
-3.8009168102e+03 2.7928124791e+08
-3.7729637785e+03 2.7802671014e+08
-3.7450107469e+03 2.7676947876e+08
-3.7170577152e+03 2.7550729369e+08
-3.6891046836e+03 2.7424510862e+08
-3.6611516520e+03 2.7297604251e+08
-3.6331986203e+03 2.7170616353e+08
-3.6052455887e+03 2.7043257903e+08
-3.5772925571e+03 2.6915495924e+08
-3.5493395254e+03 2.6787652517e+08
-3.5213864938e+03 2.6659111738e+08
-3.4934334621e+03 2.6530570959e+08
-3.4654804305e+03 2.6401425905e+08
-3.4375273989e+03 2.6272101579e+08
-3.4095743672e+03 2.6142400478e+08
-3.3816213356e+03 2.6012287829e+08
-3.3536683040e+03 2.5881997449e+08
-3.3257152723e+03 2.5751091671e+08
-3.2977622407e+03 2.5620178746e+08
-3.2698092090e+03 2.5488475005e+08
-3.2418561774e+03 2.5356771264e+08
-3.2139031458e+03 2.5224399662e+08
-3.1859501141e+03 2.5091893093e+08
-3.1579970825e+03 2.4958827403e+08
-3.1300440509e+03 2.4825513113e+08
-3.1020910192e+03 2.4691719915e+08
-3.0741379876e+03 2.4557592980e+08
-3.0461849559e+03 2.4423038809e+08
-3.0182319243e+03 2.4288094275e+08
-2.9902788927e+03 2.4152745613e+08
-2.9623258610e+03 2.4016978497e+08
-2.9343728294e+03 2.3880801773e+08
-2.9064197978e+03 2.3744207061e+08
-2.8784667661e+03 2.3607168650e+08
-2.8505137345e+03 2.3469741295e+08
-2.8225607029e+03 2.3331807511e+08
-2.7946076712e+03 2.3193542440e+08
-2.7666546396e+03 2.3054679532e+08
-2.7387016079e+03 2.2915571637e+08
-2.7107485763e+03 2.2775745793e+08
-2.6827955447e+03 2.2635776257e+08
-2.6548425130e+03 2.2494967271e+08
-2.6268894814e+03 2.2353972161e+08
-2.5989364498e+03 2.2212304845e+08
-2.5709834181e+03 2.2070250161e+08
-2.5430303865e+03 2.1927719282e+08
-2.5150773548e+03 2.1784570949e+08
-2.4871243232e+03 2.1641168934e+08
-2.4591712916e+03 2.1496895106e+08
-2.4312182599e+03 2.1352336373e+08
-2.4032652283e+03 2.1207183094e+08
-2.3753121967e+03 2.1061433350e+08
-2.3473591650e+03 2.0915348417e+08
-2.3194061334e+03 2.0768420120e+08
-2.2914531017e+03 2.0621080742e+08
-2.2635000701e+03 2.0473256813e+08
-2.2355470385e+03 2.0324628451e+08
-2.2075940068e+03 2.0175583052e+08
-2.1796409752e+03 2.0025951448e+08
-2.1516879436e+03 1.9875553216e+08
-2.1237349119e+03 1.9724685012e+08
-2.0957818803e+03 1.9573223627e+08
-2.0678288486e+03 1.9420938459e+08
-2.0398758170e+03 1.9268130226e+08
-2.0119227854e+03 1.9114775148e+08
-1.9839697537e+03 1.8960527052e+08
-1.9560167221e+03 1.8805661084e+08
-1.9280636905e+03 1.8650194938e+08
-1.9001106588e+03 1.8494060608e+08
-1.8721576272e+03 1.8337018676e+08
-1.8442045955e+03 1.8179323027e+08
-1.8162515639e+03 1.8020949726e+08
-1.7882985323e+03 1.7861874814e+08
-1.7603455006e+03 1.7701898535e+08
-1.7323924690e+03 1.7541122861e+08
-1.7044394374e+03 1.7379591635e+08
-1.6764864057e+03 1.7217280780e+08
-1.6485333741e+03 1.7054166186e+08
-1.6205803424e+03 1.6890223707e+08
-1.5926273108e+03 1.6725311779e+08
-1.5646742792e+03 1.6559511980e+08
-1.5367212475e+03 1.6392829769e+08
-1.5087682159e+03 1.6225240848e+08
-1.4808151843e+03 1.6056720876e+08
-1.4528621526e+03 1.5887245467e+08
-1.4249091210e+03 1.5716790188e+08
-1.3969560894e+03 1.5545330558e+08
-1.3690030577e+03 1.5372842043e+08
-1.3410500261e+03 1.5199300056e+08
-1.3130969944e+03 1.5024679955e+08
-1.2851439628e+03 1.4848957041e+08
-1.2571909312e+03 1.4672106554e+08
-1.2292378995e+03 1.4494103673e+08
-1.2012848679e+03 1.4314923513e+08
-1.1733318363e+03 1.4134541125e+08
-1.1453788046e+03 1.3952930105e+08
-1.1174257730e+03 1.3769905305e+08
-1.0894727413e+03 1.3585584570e+08
-1.0615197097e+03 1.3399942632e+08
-1.0335666781e+03 1.3212954145e+08
-1.0056136464e+03 1.3024487062e+08
-9.7766061479e+02 1.2834462099e+08
-9.4970758316e+02 1.2642995428e+08
-9.2175455152e+02 1.2449951999e+08
-8.9380151988e+02 1.2255190012e+08
-8.6584848824e+02 1.2058890097e+08
-8.3789545661e+02 1.1860671723e+08
-8.0994242497e+02 1.1660814981e+08
-7.8198939333e+02 1.1458931841e+08
-7.5403636169e+02 1.1255254586e+08
-7.2608333006e+02 1.1049458241e+08
-6.9813029842e+02 1.0841597546e+08
-6.7017726678e+02 1.0631620556e+08
-6.4222423515e+02 1.0419367804e+08
-6.1427120351e+02 1.0204683181e+08
-5.8631817187e+02 9.9554308159e+07
-5.5836514023e+02 9.4395853233e+07
-5.3041210860e+02 8.9258391659e+07
-5.0245907696e+02 8.4149957188e+07
-4.7450604532e+02 7.9083007586e+07
-4.4655301369e+02 7.4073354453e+07
-4.1859998205e+02 6.9134386021e+07
-3.9064695041e+02 6.4285055365e+07
-3.6269391877e+02 5.9533112745e+07
-3.3474088714e+02 5.4898776388e+07
-3.0678785550e+02 5.0390172926e+07
-2.7883482386e+02 4.6017782921e+07
-2.5088179222e+02 4.1801669340e+07
-2.2292876059e+02 3.7720474290e+07
-1.9497572895e+02 3.3776614473e+07
-1.6702269731e+02 2.9958475206e+07
-1.3906966568e+02 2.6199779018e+07
-1.1111663404e+02 2.2435263222e+07
-8.3163602401e+01 1.8506036579e+07
-5.5210570764e+01 1.4029020635e+07
-2.7257539127e+01 8.4971972711e+06
6.9549251069e-01 1.0000000000e+04
