# Y  T(Y)  [sparse, T in 1e6..1e9 K]
-2.8595255872e+04 1.0000000000e+09
-2.8539623929e+04 9.9874356916e+08
-2.8483991986e+04 9.9748713832e+08
-2.8428360043e+04 9.9623070748e+08
-2.8372728099e+04 9.9497427664e+08
-2.8317096156e+04 9.9371784580e+08
-2.8261464213e+04 9.9246141496e+08
-2.8205832270e+04 9.9120498412e+08
-2.8150200326e+04 9.8994855329e+08
-2.8094568383e+04 9.8869140994e+08
-2.8038936440e+04 9.8742732027e+08
-2.7983304496e+04 9.8616323059e+08
-2.7927672553e+04 9.8489914092e+08
-2.7872040610e+04 9.8363505124e+08
-2.7816408667e+04 9.8237096157e+08
-2.7760776723e+04 9.8110687190e+08
-2.7705144780e+04 9.7984278222e+08
-2.7649512837e+04 9.7857869255e+08
-2.7593880894e+04 9.7731198993e+08
-2.7538248950e+04 9.7604019473e+08
-2.7482617007e+04 9.7476839954e+08
-2.7426985064e+04 9.7349660434e+08
-2.7371353120e+04 9.7222480915e+08
-2.7315721177e+04 9.7095301395e+08
-2.7260089234e+04 9.6968121876e+08
-2.7204457291e+04 9.6840942356e+08
-2.7148825347e+04 9.6713762836e+08
-2.7093193404e+04 9.6586013060e+08
-2.7037561461e+04 9.6458058291e+08
-2.6981929518e+04 9.6330103522e+08
-2.6926297574e+04 9.6202148753e+08
-2.6870665631e+04 9.6074193985e+08
-2.6815033688e+04 9.5946239216e+08
-2.6759401745e+04 9.5818284447e+08
-2.6703769801e+04 9.5690329678e+08
-2.6648137858e+04 9.5562156607e+08
-2.6592505915e+04 9.5433421864e+08
-2.6536873971e+04 9.5304687120e+08
-2.6481242028e+04 9.5175952376e+08
-2.6425610085e+04 9.5047217633e+08
-2.6369978142e+04 9.4918482889e+08
-2.6314346198e+04 9.4789748145e+08
-2.6258714255e+04 9.4661013402e+08
-2.6203082312e+04 9.4532278658e+08
-2.6147450369e+04 9.4402783140e+08
-2.6091818425e+04 9.4273263667e+08
-2.6036186482e+04 9.4143744194e+08
-2.5980554539e+04 9.4014224721e+08
-2.5924922596e+04 9.3884705248e+08
-2.5869290652e+04 9.3755185775e+08
-2.5813658709e+04 9.3625666302e+08
-2.5758026766e+04 9.3496146829e+08
-2.5702394822e+04 9.3365994282e+08
-2.5646762879e+04 9.3235685296e+08
-2.5591130936e+04 9.3105376311e+08
-2.5535498993e+04 9.2975067325e+08
-2.5479867049e+04 9.2844758339e+08
-2.5424235106e+04 9.2714449353e+08
-2.5368603163e+04 9.2584140367e+08
-2.5312971220e+04 9.2453831381e+08
-2.5257339276e+04 9.2322907136e+08
-2.5201707333e+04 9.2191803825e+08
-2.5146075390e+04 9.2060700513e+08
-2.5090443447e+04 9.1929597202e+08
-2.5034811503e+04 9.1798493891e+08
-2.4979179560e+04 9.1667390579e+08
-2.4923547617e+04 9.1536287268e+08
-2.4867915673e+04 9.1405183957e+08
-2.4812283730e+04 9.1273373216e+08
-2.4756651787e+04 9.1141470737e+08
-2.4701019844e+04 9.1009568258e+08
-2.4645387900e+04 9.0877665780e+08
-2.4589755957e+04 9.0745763301e+08
-2.4534124014e+04 9.0613860822e+08
-2.4478492071e+04 9.0481958343e+08
-2.4422860127e+04 9.0349950212e+08
-2.4367228184e+04 9.0217243694e+08
-2.4311596241e+04 9.0084537176e+08
-2.4255964298e+04 8.9951830659e+08
-2.4200332354e+04 8.9819124141e+08
-2.4144700411e+04 8.9686417623e+08
-2.4089068468e+04 8.9553711105e+08
-2.4033436524e+04 8.9421004588e+08
-2.3977804581e+04 8.9287884845e+08
-2.3922172638e+04 8.9154369387e+08
-2.3866540695e+04 8.9020853930e+08
-2.3810908751e+04 8.8887338472e+08
-2.3755276808e+04 8.8753823014e+08
-2.3699644865e+04 8.8620307556e+08
-2.3644012922e+04 8.8486792098e+08
-2.3588380978e+04 8.8353259403e+08
-2.3532749035e+04 8.8218930074e+08
-2.3477117092e+04 8.8084600745e+08
-2.3421485148e+04 8.7950271416e+08
-2.3365853205e+04 8.7815942087e+08
-2.3310221262e+04 8.7681612758e+08
-2.3254589319e+04 8.7547283429e+08
-2.3198957375e+04 8.7412954100e+08
-2.3143325432e+04 8.7278084160e+08
-2.3087693489e+04 8.7142935998e+08
-2.3032061546e+04 8.7007787837e+08
-2.2976429602e+04 8.6872639675e+08
-2.2920797659e+04 8.6737491514e+08
-2.2865165716e+04 8.6602343353e+08
-2.2809533773e+04 8.6467195191e+08
-2.2753901829e+04 8.6331696295e+08
-2.2698269886e+04 8.6195724309e+08
-2.2642637943e+04 8.6059752324e+08
-2.2587005999e+04 8.5923780339e+08
-2.2531374056e+04 8.5787808354e+08
-2.2475742113e+04 8.5651836369e+08
-2.2420110170e+04 8.5515864384e+08
-2.2364478226e+04 8.5379630847e+08
-2.2308846283e+04 8.5242830016e+08
-2.2253214340e+04 8.5106029185e+08
-2.2197582397e+04 8.4969228355e+08
-2.2141950453e+04 8.4832427524e+08
-2.2086318510e+04 8.4695626693e+08
-2.2030686567e+04 8.4558825863e+08
-2.1975054624e+04 8.4421751889e+08
-2.1919422680e+04 8.4284117160e+08
-2.1863790737e+04 8.4146482432e+08
-2.1808158794e+04 8.4008847703e+08
-2.1752526850e+04 8.3871212975e+08
-2.1696894907e+04 8.3733578246e+08
-2.1641262964e+04 8.3595943518e+08
-2.1585631021e+04 8.3457923189e+08
-2.1529999077e+04 8.3319449479e+08
-2.1474367134e+04 8.3180975769e+08
-2.1418735191e+04 8.3042502060e+08
-2.1363103248e+04 8.2904028350e+08
-2.1307471304e+04 8.2765554641e+08
-2.1251839361e+04 8.2627080931e+08
-2.1196207418e+04 8.2488008195e+08
-2.1140575475e+04 8.2348690390e+08
-2.1084943531e+04 8.2209372585e+08
-2.1029311588e+04 8.2070054781e+08
-2.0973679645e+04 8.1930736976e+08
-2.0918047701e+04 8.1791419171e+08
-2.0862415758e+04 8.1652037074e+08
-2.0806783815e+04 8.1511870029e+08
-2.0751151872e+04 8.1371702984e+08
-2.0695519928e+04 8.1231535938e+08
-2.0639887985e+04 8.1091368893e+08
-2.0584256042e+04 8.0951201847e+08
-2.0528624099e+04 8.0811034802e+08
-2.0472992155e+04 8.0670392933e+08
-2.0417360212e+04 8.0529371470e+08
-2.0361728269e+04 8.0388350008e+08
-2.0306096326e+04 8.0247328545e+08
-2.0250464382e+04 8.0106307082e+08
-2.0194832439e+04 7.9965285619e+08
-2.0139200496e+04 7.9824137125e+08
-2.0083568552e+04 7.9682256036e+08
-2.0027936609e+04 7.9540374948e+08
-1.9972304666e+04 7.9398493859e+08
-1.9916672723e+04 7.9256612771e+08
-1.9861040779e+04 7.9114731682e+08
-1.9805408836e+04 7.8972850594e+08
-1.9749776893e+04 7.8830234434e+08
-1.9694144950e+04 7.8687488480e+08
-1.9638513006e+04 7.8544742526e+08
-1.9582881063e+04 7.8401996572e+08
-1.9527249120e+04 7.8259250618e+08
-1.9471617176e+04 7.8116504664e+08
-1.9415985233e+04 7.7973184172e+08
-1.9360353290e+04 7.7829568080e+08
-1.9304721347e+04 7.7685951988e+08
-1.9249089403e+04 7.7542335897e+08
-1.9193457460e+04 7.7398719805e+08
-1.9137825517e+04 7.7255103713e+08
-1.9082193574e+04 7.7110982497e+08
-1.9026561630e+04 7.6966490964e+08
-1.8970929687e+04 7.6821999430e+08
-1.8915297744e+04 7.6677507897e+08
-1.8859665801e+04 7.6533016363e+08
-1.8804033857e+04 7.6388524830e+08
-1.8748401914e+04 7.6243506392e+08
-1.8692769971e+04 7.6098134081e+08
-1.8637138027e+04 7.5952761769e+08
-1.8581506084e+04 7.5807389458e+08
-1.8525874141e+04 7.5662017146e+08
-1.8470242198e+04 7.5516644835e+08
-1.8414610254e+04 7.5370632561e+08
-1.8358978311e+04 7.5224374102e+08
-1.8303346368e+04 7.5078115643e+08
-1.8247714425e+04 7.4931857185e+08
-1.8192082481e+04 7.4785598726e+08
-1.8136450538e+04 7.4639340267e+08
-1.8080818595e+04 7.4492237417e+08
-1.8025186652e+04 7.4345087410e+08
-1.7969554708e+04 7.4197937402e+08
-1.7913922765e+04 7.4050787395e+08
-1.7858290822e+04 7.3903637387e+08
-1.7802658878e+04 7.3756244069e+08
-1.7747026935e+04 7.3608197078e+08
-1.7691394992e+04 7.3460150087e+08
-1.7635763049e+04 7.3312103097e+08
-1.7580131105e+04 7.3164056106e+08
-1.7524499162e+04 7.3016009115e+08
-1.7468867219e+04 7.2867336793e+08
-1.7413235276e+04 7.2718387351e+08
-1.7357603332e+04 7.2569437909e+08
-1.7301971389e+04 7.2420488467e+08
-1.7246339446e+04 7.2271539024e+08
-1.7190707503e+04 7.2122398511e+08
-1.7135075559e+04 7.1972541117e+08
-1.7079443616e+04 7.1822683722e+08
-1.7023811673e+04 7.1672826328e+08
-1.6968179729e+04 7.1522968934e+08
-1.6912547786e+04 7.1373111539e+08
-1.6856915843e+04 7.1222503114e+08
-1.6801283900e+04 7.1071732232e+08
-1.6745651956e+04 7.0920961351e+08
-1.6690020013e+04 7.0770190470e+08
-1.6634388070e+04 7.0619419588e+08
-1.6578756127e+04 7.0468164864e+08
-1.6523124183e+04 7.0316474928e+08
-1.6467492240e+04 7.0164784991e+08
-1.6411860297e+04 7.0013095055e+08
-1.6356228354e+04 6.9861405118e+08
-1.6300596410e+04 6.9709417677e+08
-1.6244964467e+04 6.9556803083e+08
-1.6189332524e+04 6.9404188489e+08
-1.6133700580e+04 6.9251573895e+08
-1.6078068637e+04 6.9098959301e+08
-1.6022436694e+04 6.8946152637e+08
-1.5966804751e+04 6.8792607749e+08
-1.5911172807e+04 6.8639062861e+08
-1.5855540864e+04 6.8485517973e+08
-1.5799908921e+04 6.8331973085e+08
-1.5744276978e+04 6.8178260595e+08
-1.5688645034e+04 6.8023779742e+08
-1.5633013091e+04 6.7869298890e+08
-1.5577381148e+04 6.7714818037e+08
-1.5521749204e+04 6.7560337184e+08
-1.5466117261e+04 6.7405632162e+08
-1.5410485318e+04 6.7250209639e+08
-1.5354853375e+04 6.7094787116e+08
-1.5299221431e+04 6.6939364593e+08
-1.5243589488e+04 6.6783942070e+08
-1.5187957545e+04 6.6628157695e+08
-1.5132325602e+04 6.6471787762e+08
-1.5076693658e+04 6.6315417829e+08
-1.5021061715e+04 6.6159047895e+08
-1.4965429772e+04 6.6002677962e+08
-1.4909797829e+04 6.5845727292e+08
-1.4854165885e+04 6.5688404173e+08
-1.4798533942e+04 6.5531081055e+08
-1.4742901999e+04 6.5373757936e+08
-1.4687270055e+04 6.5216434817e+08
-1.4631638112e+04 6.5058230780e+08
-1.4576006169e+04 6.4899948666e+08
-1.4520374226e+04 6.4741666552e+08
-1.4464742282e+04 6.4583384437e+08
-1.4409110339e+04 6.4424804665e+08
-1.4353478396e+04 6.4265557709e+08
-1.4297846453e+04 6.4106310753e+08
-1.4242214509e+04 6.3947063797e+08
-1.4186582566e+04 6.3787816842e+08
-1.4130950623e+04 6.3627815018e+08
-1.4075318680e+04 6.3467597339e+08
-1.4019686736e+04 6.3307379661e+08
-1.3964054793e+04 6.3147161982e+08
-1.3908422850e+04 6.2986627272e+08
-1.3852790906e+04 6.2825432953e+08
-1.3797158963e+04 6.2664238634e+08
-1.3741527020e+04 6.2503044315e+08
-1.3685895077e+04 6.2341849996e+08
-1.3630263133e+04 6.2179724076e+08
-1.3574631190e+04 6.2017547163e+08
-1.3518999247e+04 6.1855370251e+08
-1.3463367304e+04 6.1693193339e+08
-1.3407735360e+04 6.1530377017e+08
-1.3352103417e+04 6.1367211522e+08
-1.3296471474e+04 6.1204046027e+08
-1.3240839531e+04 6.1040880531e+08
-1.3185207587e+04 6.0877297910e+08
-1.3129575644e+04 6.0713137806e+08
-1.3073943701e+04 6.0548977701e+08
-1.3018311757e+04 6.0384817597e+08
-1.2962679814e+04 6.0220392700e+08
-1.2907047871e+04 6.0055231923e+08
-1.2851415928e+04 5.9890071147e+08
-1.2795783984e+04 5.9724910370e+08
-1.2740152041e+04 5.9559567136e+08
-1.2684520098e+04 5.9393399588e+08
-1.2628888155e+04 5.9227232040e+08
-1.2573256211e+04 5.9061064491e+08
-1.2517624268e+04 5.8894726768e+08
-1.2461992325e+04 5.8727546311e+08
-1.2406360382e+04 5.8560365854e+08
-1.2350728438e+04 5.8393185397e+08
-1.2295096495e+04 5.8225776933e+08
-1.2239464552e+04 5.8057577393e+08
-1.2183832608e+04 5.7889377852e+08
-1.2128200665e+04 5.7721178312e+08
-1.2072568722e+04 5.7552622750e+08
-1.2016936779e+04 5.7383397915e+08
-1.1961304835e+04 5.7214173079e+08
-1.1905672892e+04 5.7044948243e+08
-1.1850040949e+04 5.6875169112e+08
-1.1794409006e+04 5.6704912731e+08
-1.1738777062e+04 5.6534656350e+08
-1.1683145119e+04 5.6364399970e+08
-1.1627513176e+04 5.6193320677e+08
-1.1571881232e+04 5.6022026463e+08
-1.1516249289e+04 5.5850732249e+08
-1.1460617346e+04 5.5679320234e+08
-1.1404985403e+04 5.5506981861e+08
-1.1349353459e+04 5.5334643487e+08
-1.1293721516e+04 5.5162305114e+08
-1.1238089573e+04 5.4989445727e+08
-1.1182457630e+04 5.4816056830e+08
-1.1126825686e+04 5.4642667932e+08
-1.1071193743e+04 5.4469279034e+08
-1.1015561800e+04 5.4294895317e+08
-1.0959929857e+04 5.4120449491e+08
-1.0904297913e+04 5.3946003666e+08
-1.0848665970e+04 5.3771081880e+08
-1.0793034027e+04 5.3595572684e+08
-1.0737402083e+04 5.3420063487e+08
-1.0681770140e+04 5.3244539333e+08
-1.0626138197e+04 5.3067960284e+08
-1.0570506254e+04 5.2891381234e+08
-1.0514874310e+04 5.2714802185e+08
-1.0459242367e+04 5.2537534942e+08
-1.0403610424e+04 5.2359879518e+08
-1.0347978481e+04 5.2182224095e+08
-1.0292346537e+04 5.2004219177e+08
-1.0236714594e+04 5.1825480818e+08
-1.0181082651e+04 5.1646742459e+08
-1.0125450708e+04 5.1467935373e+08
-1.0069818764e+04 5.1288107477e+08
-1.0014186821e+04 5.1108279581e+08
-9.9585548777e+03 5.0928451686e+08
-9.9029229345e+03 5.0747681693e+08
-9.8472909912e+03 5.0566757619e+08
-9.7916590479e+03 5.0385833545e+08
-9.7360271047e+03 5.0204125513e+08
-9.6803951614e+03 5.0022098579e+08
-9.6247632181e+03 4.9840071644e+08
-9.5691312749e+03 4.9657360827e+08
-9.5134993316e+03 4.9474224309e+08
-9.4578673883e+03 4.9291087792e+08
-9.4022354450e+03 4.9107309359e+08
-9.3466035018e+03 4.8923056495e+08
-9.2909715585e+03 4.8738803631e+08
-9.2353396152e+03 4.8553892665e+08
-9.1797076720e+03 4.8368516649e+08
-9.1240757287e+03 4.8183140634e+08
-9.0684437854e+03 4.7997032122e+08
-9.0128118422e+03 4.7810526108e+08
-8.9571798989e+03 4.7624020094e+08
-8.9015479556e+03 4.7436648923e+08
-8.8459160124e+03 4.7249006023e+08
-8.7902840691e+03 4.7061363123e+08
-8.7346521258e+03 4.6872664070e+08
-8.6790201826e+03 4.6683877354e+08
-8.6233882393e+03 4.6494935873e+08
-8.5677562960e+03 4.6304998369e+08
-8.5121243528e+03 4.6115060864e+08
-8.4564924095e+03 4.5924667729e+08
-8.4008604662e+03 4.5733572421e+08
-8.3452285230e+03 4.5542477113e+08
-8.2895965797e+03 4.5350566787e+08
-8.2339646364e+03 4.5158306618e+08
-8.1783326932e+03 4.4965985396e+08
-8.1227007499e+03 4.4772553265e+08
-8.0670688066e+03 4.4579121134e+08
-8.0114368634e+03 4.4385158394e+08
-7.9558049201e+03 4.4190547157e+08
-7.9001729768e+03 4.3995935920e+08
-7.8445410336e+03 4.3800265757e+08
-7.7889090903e+03 4.3604468227e+08
-7.7332771470e+03 4.3408218112e+08
-7.6776452038e+03 4.3211227058e+08
-7.6220132605e+03 4.3014236003e+08
-7.5663813172e+03 4.2816153481e+08
-7.5107493739e+03 4.2617961626e+08
-7.4551174307e+03 4.2419188490e+08
-7.3994854874e+03 4.2219788516e+08
-7.3438535441e+03 4.2020273005e+08
-7.2882216009e+03 4.1819657546e+08
-7.2325896576e+03 4.1619042088e+08
-7.1769577143e+03 4.1417509507e+08
-7.1213257711e+03 4.1215671156e+08
-7.0656938278e+03 4.1013285101e+08
-7.0100618845e+03 4.0810216402e+08
-6.9544299413e+03 4.0606924936e+08
-6.8987979980e+03 4.0402618389e+08
-6.8431660547e+03 4.0198311843e+08
-6.7875341115e+03 3.9992817584e+08
-6.7319021682e+03 3.9787265645e+08
-6.6762702249e+03 3.9580754347e+08
-6.6206382817e+03 3.9373949423e+08
-6.5650063384e+03 3.9166368931e+08
-6.5093743951e+03 3.8958303384e+08
-6.4537424519e+03 3.8749601473e+08
-6.3981105086e+03 3.8540267620e+08
-6.3424785653e+03 3.8330391994e+08
-6.2868466221e+03 3.8119782103e+08
-6.2312146788e+03 3.7908680389e+08
-6.1755827355e+03 3.7696786682e+08
-6.1199507923e+03 3.7484406423e+08
-6.0643188490e+03 3.7271221074e+08
-6.0086869057e+03 3.7057509728e+08
-5.9530549625e+03 3.6843024863e+08
-5.8974230192e+03 3.6627929797e+08
-5.8417910759e+03 3.6412137495e+08
-5.7861591327e+03 3.6195605977e+08
-5.7305271894e+03 3.5978498268e+08
-5.6748952461e+03 3.5760477466e+08
-5.6192633028e+03 3.5542046331e+08
-5.5636313596e+03 3.5322483307e+08
-5.5079994163e+03 3.5102664620e+08
-5.4523674730e+03 3.4881562385e+08
-5.3967355298e+03 3.4660103429e+08
-5.3411035865e+03 3.4437653419e+08
-5.2854716432e+03 3.4214500958e+08
-5.2298397000e+03 3.3990694958e+08
-5.1742077567e+03 3.3765795633e+08
-5.1185758134e+03 3.3540468528e+08
-5.0629438702e+03 3.3313925700e+08
-5.0073119269e+03 3.3086752984e+08
-4.9516799836e+03 3.2858829217e+08
-4.8960480404e+03 3.2629757182e+08
-4.8404160971e+03 3.2400129798e+08
-4.7847841538e+03 3.2169418848e+08
-4.7291522106e+03 3.1937792808e+08
-4.6735202673e+03 3.1705528928e+08
-4.6178883240e+03 3.1471996713e+08
-4.5622563808e+03 3.1237634438e+08
-4.5066244375e+03 3.1002551622e+08
-4.4509924942e+03 3.0766163642e+08
-4.3953605510e+03 3.0528882257e+08
-4.3397286077e+03 3.0290797388e+08
-4.2840966644e+03 3.0051518719e+08
-4.2284647212e+03 2.9811134637e+08
-4.1728327779e+03 2.9569863853e+08
-4.1172008346e+03 2.9327659148e+08
-4.0615688914e+03 2.9083988004e+08
-4.0059369481e+03 2.8839346638e+08
-3.9503050048e+03 2.8593697691e+08
-3.8946730616e+03 2.8347003775e+08
-3.8390411183e+03 2.8098839215e+08
-3.7834091750e+03 2.7849550167e+08
-3.7277772317e+03 2.7599132039e+08
-3.6721452885e+03 2.7347547270e+08
-3.6165133452e+03 2.7094758252e+08
-3.5608814019e+03 2.6840487185e+08
-3.5052494587e+03 2.6584906296e+08
-3.4496175154e+03 2.6328036341e+08
-3.3939855721e+03 2.6069839496e+08
-3.3383536289e+03 2.5810277877e+08
-3.2827216856e+03 2.5549313539e+08
-3.2270897423e+03 2.5286908469e+08
-3.1714577991e+03 2.5023024586e+08
-3.1158258558e+03 2.4757623734e+08
-3.0601939125e+03 2.4490667685e+08
-3.0045619693e+03 2.4222101944e+08
-2.9489300260e+03 2.3951915289e+08
-2.8932980827e+03 2.3680084841e+08
-2.8376661395e+03 2.3406524067e+08
-2.7820341962e+03 2.3131215693e+08
-2.7264022529e+03 2.2854120966e+08
-2.6707703097e+03 2.2575201034e+08
-2.6151383664e+03 2.2294416942e+08
-2.5595064231e+03 2.2011729633e+08
-2.5038744799e+03 2.1727099939e+08
-2.4482425366e+03 2.1440488583e+08
-2.3926105933e+03 2.1151807262e+08
-2.3369786501e+03 2.0860785770e+08
-2.2813467068e+03 2.0567635125e+08
-2.2257147635e+03 2.0272315510e+08
-2.1700828203e+03 1.9974620577e+08
-2.1144508770e+03 1.9674380172e+08
-2.0588189337e+03 1.9371821328e+08
-2.0031869905e+03 1.9066570011e+08
-1.9475550472e+03 1.8758683949e+08
-1.8919231039e+03 1.8448093614e+08
-1.8362911606e+03 1.8134581261e+08
-1.7806592174e+03 1.7818154720e+08
-1.7250272741e+03 1.7498714624e+08
-1.6693953308e+03 1.7175951615e+08
-1.6137633876e+03 1.6850006346e+08
-1.5581314443e+03 1.6520676524e+08
-1.5024995010e+03 1.6187577445e+08
-1.4468675578e+03 1.5850788589e+08
-1.3912356145e+03 1.5510115346e+08
-1.3356036712e+03 1.5165362329e+08
-1.2799717280e+03 1.4816333308e+08
-1.2243397847e+03 1.4462831146e+08
-1.1687078414e+03 1.4104618609e+08
-1.1130758982e+03 1.3741276235e+08
-1.0574439549e+03 1.3372789676e+08
-1.0018120116e+03 1.2998694329e+08
-9.4618006836e+02 1.2618769836e+08
-8.9054812510e+02 1.2232435883e+08
-8.3491618183e+02 1.1839451405e+08
-7.7928423856e+02 1.1439309476e+08
-7.2365229529e+02 1.1031499815e+08
-6.6802035203e+02 1.0615295027e+08
-6.1238840876e+02 1.0190170249e+08
-5.5675646549e+02 9.4099450347e+07
-5.0112452222e+02 8.3907320633e+07
-4.4549257896e+02 7.3884695037e+07
-3.8986063569e+02 6.4149939769e+07
-3.3422869242e+02 5.4814843684e+07
-2.7859674915e+02 4.5981203331e+07
-2.2296480589e+02 3.7725645475e+07
-1.6733286262e+02 3.0000462774e+07
