# Y  T(Y)  [dense, T in 1e4..1e6 K]
-1.6733286262e+02 3.0000462774e+07
-1.6700404000e+02 2.9955949537e+07
-1.6667521739e+02 2.9911436300e+07
-1.6634639478e+02 2.9866923063e+07
-1.6601757217e+02 2.9822456536e+07
-1.6568874955e+02 2.9778000333e+07
-1.6535992694e+02 2.9733544129e+07
-1.6503110433e+02 2.9689087925e+07
-1.6470228172e+02 2.9644631721e+07
-1.6437345910e+02 2.9600175517e+07
-1.6404463649e+02 2.9555719313e+07
-1.6371581388e+02 2.9511280346e+07
-1.6338699126e+02 2.9466881102e+07
-1.6305816865e+02 2.9422481859e+07
-1.6272934604e+02 2.9378082615e+07
-1.6240052343e+02 2.9333683371e+07
-1.6207170081e+02 2.9289284127e+07
-1.6174287820e+02 2.9244884883e+07
-1.6141405559e+02 2.9200485640e+07
-1.6108523297e+02 2.9156135364e+07
-1.6075641036e+02 2.9111793008e+07
-1.6042758775e+02 2.9067450651e+07
-1.6009876514e+02 2.9023108294e+07
-1.5976994252e+02 2.8978765938e+07
-1.5944111991e+02 2.8934423581e+07
-1.5911229730e+02 2.8890081224e+07
-1.5878347469e+02 2.8845766922e+07
-1.5845465207e+02 2.8801481490e+07
-1.5812582946e+02 2.8757196059e+07
-1.5779700685e+02 2.8712910627e+07
-1.5746818423e+02 2.8668625196e+07
-1.5713936162e+02 2.8624339764e+07
-1.5681053901e+02 2.8580054333e+07
-1.5648171640e+02 2.8535780179e+07
-1.5615289378e+02 2.8491551722e+07
-1.5582407117e+02 2.8447323265e+07
-1.5549524856e+02 2.8403094807e+07
-1.5516642595e+02 2.8358866350e+07
-1.5483760333e+02 2.8314637893e+07
-1.5450878072e+02 2.8270409436e+07
-1.5417995811e+02 2.8226180978e+07
-1.5385113549e+02 2.8182008033e+07
-1.5352231288e+02 2.8137836487e+07
-1.5319349027e+02 2.8093664941e+07
-1.5286466766e+02 2.8049493395e+07
-1.5253584504e+02 2.8005321849e+07
-1.5220702243e+02 2.7961150303e+07
-1.5187819982e+02 2.7916978758e+07
-1.5154937720e+02 2.7872854075e+07
-1.5122055459e+02 2.7828739367e+07
-1.5089173198e+02 2.7784624659e+07
-1.5056290937e+02 2.7740509951e+07
-1.5023408675e+02 2.7696395243e+07
-1.4990526414e+02 2.7652280536e+07
-1.4957644153e+02 2.7608165828e+07
-1.4924761892e+02 2.7564076223e+07
-1.4891879630e+02 2.7519995233e+07
-1.4858997369e+02 2.7475914243e+07
-1.4826115108e+02 2.7431833252e+07
-1.4793232846e+02 2.7387752262e+07
-1.4760350585e+02 2.7343671272e+07
-1.4727468324e+02 2.7299590282e+07
-1.4694586063e+02 2.7255513156e+07
-1.4661703801e+02 2.7211437398e+07
-1.4628821540e+02 2.7167361641e+07
-1.4595939279e+02 2.7123285884e+07
-1.4563057017e+02 2.7079210126e+07
-1.4530174756e+02 2.7035134369e+07
-1.4497292495e+02 2.6991058612e+07
-1.4464410234e+02 2.6946982854e+07
-1.4431527972e+02 2.6902907097e+07
-1.4398645711e+02 2.6858831339e+07
-1.4365763450e+02 2.6814755582e+07
-1.4332881189e+02 2.6770679825e+07
-1.4299998927e+02 2.6726604067e+07
-1.4267116666e+02 2.6682528310e+07
-1.4234234405e+02 2.6638452553e+07
-1.4201352143e+02 2.6594376795e+07
-1.4168469882e+02 2.6550301038e+07
-1.4135587621e+02 2.6506225280e+07
-1.4102705360e+02 2.6462149523e+07
-1.4069823098e+02 2.6418073766e+07
-1.4036940837e+02 2.6373998008e+07
-1.4004058576e+02 2.6329922251e+07
-1.3971176314e+02 2.6285846494e+07
-1.3938294053e+02 2.6241770736e+07
-1.3905411792e+02 2.6197694979e+07
-1.3872529531e+02 2.6153619222e+07
-1.3839647269e+02 2.6109543464e+07
-1.3806765008e+02 2.6065467707e+07
-1.3773882747e+02 2.6021391949e+07
-1.3741000486e+02 2.5977316192e+07
-1.3708118224e+02 2.5933240435e+07
-1.3675235963e+02 2.5889164677e+07
-1.3642353702e+02 2.5845088920e+07
-1.3609471440e+02 2.5801013163e+07
-1.3576589179e+02 2.5756937405e+07
-1.3543706918e+02 2.5712861648e+07
-1.3510824657e+02 2.5668785891e+07
-1.3477942395e+02 2.5624710133e+07
-1.3445060134e+02 2.5580634376e+07
-1.3412177873e+02 2.5536558618e+07
-1.3379295611e+02 2.5492482861e+07
-1.3346413350e+02 2.5448407104e+07
-1.3313531089e+02 2.5404331346e+07
-1.3280648828e+02 2.5360255589e+07
-1.3247766566e+02 2.5316179832e+07
-1.3214884305e+02 2.5272104074e+07
-1.3182002044e+02 2.5228028317e+07
-1.3149119783e+02 2.5183937320e+07
-1.3116237521e+02 2.5139843353e+07
-1.3083355260e+02 2.5095749386e+07
-1.3050472999e+02 2.5051655419e+07
-1.3017590737e+02 2.5007561452e+07
-1.2984708476e+02 2.4963467485e+07
-1.2951826215e+02 2.4919353150e+07
-1.2918943954e+02 2.4875212453e+07
-1.2886061692e+02 2.4831071756e+07
-1.2853179431e+02 2.4786931059e+07
-1.2820297170e+02 2.4742790363e+07
-1.2787414908e+02 2.4698649666e+07
-1.2754532647e+02 2.4654502518e+07
-1.2721650386e+02 2.4610304831e+07
-1.2688768125e+02 2.4566107143e+07
-1.2655885863e+02 2.4521909455e+07
-1.2623003602e+02 2.4477711768e+07
-1.2590121341e+02 2.4433514080e+07
-1.2557239080e+02 2.4389316392e+07
-1.2524356818e+02 2.4345069097e+07
-1.2491474557e+02 2.4300814344e+07
-1.2458592296e+02 2.4256559592e+07
-1.2425710034e+02 2.4212304840e+07
-1.2392827773e+02 2.4168050088e+07
-1.2359945512e+02 2.4123795335e+07
-1.2327063251e+02 2.4079500464e+07
-1.2294180989e+02 2.4035188669e+07
-1.2261298728e+02 2.3990876873e+07
-1.2228416467e+02 2.3946565078e+07
-1.2195534205e+02 2.3902253282e+07
-1.2162651944e+02 2.3857941487e+07
-1.2129769683e+02 2.3813594721e+07
-1.2096887422e+02 2.3769225981e+07
-1.2064005160e+02 2.3724857242e+07
-1.2031122899e+02 2.3680488502e+07
-1.1998240638e+02 2.3636119763e+07
-1.1965358377e+02 2.3591751023e+07
-1.1932476115e+02 2.3547348073e+07
-1.1899593854e+02 2.3502922394e+07
-1.1866711593e+02 2.3458496715e+07
-1.1833829331e+02 2.3414071036e+07
-1.1800947070e+02 2.3369645357e+07
-1.1768064809e+02 2.3325219678e+07
-1.1735182548e+02 2.3280756232e+07
-1.1702300286e+02 2.3236273540e+07
-1.1669418025e+02 2.3191790849e+07
-1.1636535764e+02 2.3147308157e+07
-1.1603653502e+02 2.3102825466e+07
-1.1570771241e+02 2.3058342774e+07
-1.1537888980e+02 2.3013804216e+07
-1.1505006719e+02 2.2969251519e+07
-1.1472124457e+02 2.2924698823e+07
-1.1439242196e+02 2.2880146126e+07
-1.1406359935e+02 2.2835593430e+07
-1.1373477674e+02 2.2791039910e+07
-1.1340595412e+02 2.2746388863e+07
-1.1307713151e+02 2.2701737815e+07
-1.1274830890e+02 2.2657086768e+07
-1.1241948628e+02 2.2612435720e+07
-1.1209066367e+02 2.2567784673e+07
-1.1176184106e+02 2.2523099888e+07
-1.1143301845e+02 2.2478334904e+07
-1.1110419583e+02 2.2433569919e+07
-1.1077537322e+02 2.2388804935e+07
-1.1044655061e+02 2.2344039950e+07
-1.1011772799e+02 2.2299274966e+07
-1.0978890538e+02 2.2254434346e+07
-1.0946008277e+02 2.2209555134e+07
-1.0913126016e+02 2.2164675921e+07
-1.0880243754e+02 2.2119796709e+07
-1.0847361493e+02 2.2074917497e+07
-1.0814479232e+02 2.2030025156e+07
-1.0781596971e+02 2.1985021402e+07
-1.0748714709e+02 2.1940017647e+07
-1.0715832448e+02 2.1895013893e+07
-1.0682950187e+02 2.1850010138e+07
-1.0650067925e+02 2.1805006383e+07
-1.0617185664e+02 2.1759907509e+07
-1.0584303403e+02 2.1714751822e+07
-1.0551421142e+02 2.1669596135e+07
-1.0518538880e+02 2.1624440449e+07
-1.0485656619e+02 2.1579284762e+07
-1.0452774358e+02 2.1534090697e+07
-1.0419892096e+02 2.1488765403e+07
-1.0387009835e+02 2.1443440110e+07
-1.0354127574e+02 2.1398114816e+07
-1.0321245313e+02 2.1352789522e+07
-1.0288363051e+02 2.1307464229e+07
-1.0255480790e+02 2.1261984542e+07
-1.0222598529e+02 2.1216489004e+07
-1.0189716268e+02 2.1170993466e+07
-1.0156834006e+02 2.1125497929e+07
-1.0123951745e+02 2.1080002391e+07
-1.0091069484e+02 2.1034388260e+07
-1.0058187222e+02 2.0988714849e+07
-1.0025304961e+02 2.0943041437e+07
-9.9924226999e+01 2.0897368025e+07
-9.9595404386e+01 2.0851694613e+07
-9.9266581773e+01 2.0805917227e+07
-9.8937759160e+01 2.0760038079e+07
-9.8608936548e+01 2.0714158931e+07
-9.8280113935e+01 2.0668279782e+07
-9.7951291322e+01 2.0622400634e+07
-9.7622468709e+01 2.0576425034e+07
-9.7293646096e+01 2.0530318764e+07
-9.6964823484e+01 2.0484212494e+07
-9.6636000871e+01 2.0438106224e+07
-9.6307178258e+01 2.0391999953e+07
-9.5978355645e+01 2.0345796547e+07
-9.5649533033e+01 2.0299462031e+07
-9.5320710420e+01 2.0253127515e+07
-9.4991887807e+01 2.0206792999e+07
-9.4663065194e+01 2.0160458483e+07
-9.4334242582e+01 2.0114007833e+07
-9.4005419969e+01 2.0067444154e+07
-9.3676597356e+01 2.0020880475e+07
-9.3347774743e+01 1.9974316796e+07
-9.3018952130e+01 1.9927753117e+07
-9.2690129518e+01 1.9881036694e+07
-9.2361306905e+01 1.9834243997e+07
-9.2032484292e+01 1.9787451300e+07
-9.1703661679e+01 1.9740658603e+07
-9.1374839067e+01 1.9693865907e+07
-9.1046016454e+01 1.9646865973e+07
-9.0717193841e+01 1.9599844215e+07
-9.0388371228e+01 1.9552822456e+07
-9.0059548615e+01 1.9505800698e+07
-8.9730726003e+01 1.9458728594e+07
-8.9401903390e+01 1.9411476652e+07
-8.9073080777e+01 1.9364224711e+07
-8.8744258164e+01 1.9316972770e+07
-8.8415435552e+01 1.9269720829e+07
-8.8086612939e+01 1.9222326663e+07
-8.7757790326e+01 1.9174840696e+07
-8.7428967713e+01 1.9127354730e+07
-8.7100145100e+01 1.9079868764e+07
-8.6771322488e+01 1.9032364432e+07
-8.6442499875e+01 1.8984619121e+07
-8.6113677262e+01 1.8936873809e+07
-8.5784854649e+01 1.8889128498e+07
-8.5456032037e+01 1.8841383187e+07
-8.5127209424e+01 1.8793465737e+07
-8.4798386811e+01 1.8745437787e+07
-8.4469564198e+01 1.8697409837e+07
-8.4140741585e+01 1.8649381887e+07
-8.3811918973e+01 1.8601290490e+07
-8.3483096360e+01 1.8552978228e+07
-8.3154273747e+01 1.8504665966e+07
-8.2825451134e+01 1.8456353704e+07
-8.2496628522e+01 1.8408041443e+07
-8.2167805909e+01 1.8359468152e+07
-8.1838983296e+01 1.8310869638e+07
-8.1510160683e+01 1.8262271124e+07
-8.1181338070e+01 1.8213672611e+07
-8.0852515458e+01 1.8164863578e+07
-8.0523692845e+01 1.8115952705e+07
-8.0194870232e+01 1.8067041833e+07
-7.9866047619e+01 1.8018130960e+07
-7.9537225007e+01 1.7969047060e+07
-7.9208402394e+01 1.7919797073e+07
-7.8879579781e+01 1.7870547086e+07
-7.8550757168e+01 1.7821297098e+07
-7.8221934555e+01 1.7771903202e+07
-7.7893111943e+01 1.7722311749e+07
-7.7564289330e+01 1.7672720296e+07
-7.7235466717e+01 1.7623128844e+07
-7.6906644104e+01 1.7573397706e+07
-7.6577821492e+01 1.7523462421e+07
-7.6248998879e+01 1.7473527135e+07
-7.5920176266e+01 1.7423591849e+07
-7.5591353653e+01 1.7373486194e+07
-7.5262531041e+01 1.7323183209e+07
-7.4933708428e+01 1.7272880224e+07
-7.4604885815e+01 1.7222577239e+07
-7.4276063202e+01 1.7172040301e+07
-7.3947240589e+01 1.7121342820e+07
-7.3618417977e+01 1.7070645340e+07
-7.3289595364e+01 1.7019947860e+07
-7.2960772751e+01 1.6968932300e+07
-7.2631950138e+01 1.6917835143e+07
-7.2303127526e+01 1.6866737986e+07
-7.1974304913e+01 1.6815612429e+07
-7.1645482300e+01 1.6764112444e+07
-7.1316659687e+01 1.6712612459e+07
-7.0987837074e+01 1.6661112474e+07
-7.0659014462e+01 1.6609436911e+07
-7.0330191849e+01 1.6557514523e+07
-7.0001369236e+01 1.6505592135e+07
-6.9672546623e+01 1.6453669747e+07
-6.9343724011e+01 1.6401376657e+07
-6.9014901398e+01 1.6349008248e+07
-6.8686078785e+01 1.6296639838e+07
-6.8357256172e+01 1.6244127799e+07
-6.8028433559e+01 1.6191306153e+07
-6.7699610947e+01 1.6138484507e+07
-6.7370788334e+01 1.6085662861e+07
-6.7041965721e+01 1.6032442659e+07
-6.6713143108e+01 1.5979163854e+07
-6.6384320496e+01 1.5925885049e+07
-6.6055497883e+01 1.5872390207e+07
-6.5726675270e+01 1.5818674530e+07
-6.5397852657e+01 1.5764958853e+07
-6.5069030044e+01 1.5711169161e+07
-6.4740207432e+01 1.5657047161e+07
-6.4411384819e+01 1.5602925161e+07
-6.4082562206e+01 1.5548803161e+07
-6.3753739593e+01 1.5494308639e+07
-6.3424916981e+01 1.5439786709e+07
-6.3096094368e+01 1.5385264779e+07
-6.2767271755e+01 1.5330444418e+07
-6.2438449142e+01 1.5275519602e+07
-6.2109626529e+01 1.5220594786e+07
-6.1780803917e+01 1.5165405078e+07
-6.1451981304e+01 1.5110045191e+07
-6.1123158691e+01 1.5054685305e+07
-6.0794336078e+01 1.4999065749e+07
-6.0465513466e+01 1.4943221721e+07
-6.0136690853e+01 1.4887377694e+07
-5.9807868240e+01 1.4831269053e+07
-5.9479045627e+01 1.4774920592e+07
-5.9150223014e+01 1.4718572131e+07
-5.8821400402e+01 1.4661931935e+07
-5.8492577789e+01 1.4605074484e+07
-5.8163755176e+01 1.4548217034e+07
-5.7834932563e+01 1.4491021361e+07
-5.7506109951e+01 1.4433667191e+07
-5.7177287338e+01 1.4376313020e+07
-5.6848464725e+01 1.4318563615e+07
-5.6519642112e+01 1.4260742149e+07
-5.6190819500e+01 1.4202891133e+07
-5.5861996887e+01 1.4144615427e+07
-5.5533174274e+01 1.4086339721e+07
-5.5204351661e+01 1.4027909793e+07
-5.4875529048e+01 1.3969176280e+07
-5.4546706436e+01 1.3910442766e+07
-5.4217883823e+01 1.3851406504e+07
-5.3889061210e+01 1.3792214452e+07
-5.3560238597e+01 1.3733006888e+07
-5.3231415985e+01 1.3673359661e+07
-5.2902593372e+01 1.3613712433e+07
-5.2573770759e+01 1.3553857416e+07
-5.2244948146e+01 1.3493755620e+07
-5.1916125533e+01 1.3433653824e+07
-5.1587302921e+01 1.3373126855e+07
-5.1258480308e+01 1.3312567027e+07
-5.0929657695e+01 1.3251806100e+07
-5.0600835082e+01 1.3190796005e+07
-5.0272012470e+01 1.3129781353e+07
-4.9943189857e+01 1.3068351734e+07
-4.9614367244e+01 1.3006922115e+07
-4.9285544631e+01 1.2945245396e+07
-4.8956722018e+01 1.2883416467e+07
-4.8627899406e+01 1.2821479501e+07
-4.8299076793e+01 1.2759248665e+07
-4.7970254180e+01 1.2697017829e+07
-4.7641431567e+01 1.2634407471e+07
-4.7312608955e+01 1.2571781345e+07
-4.6983786342e+01 1.2508904404e+07
-4.6654963729e+01 1.2445915647e+07
-4.6326141116e+01 1.2382770705e+07
-4.5997318503e+01 1.2319443520e+07
-4.5668495891e+01 1.2256025118e+07
-4.5339673278e+01 1.2192357688e+07
-4.5010850665e+01 1.2128651933e+07
-4.4682028052e+01 1.2064638679e+07
-4.4353205440e+01 1.2000625424e+07
-4.4024382827e+01 1.1936243034e+07
-4.3695560214e+01 1.1871856618e+07
-4.3366737601e+01 1.1807111086e+07
-4.3037914988e+01 1.1742327200e+07
-4.2709092376e+01 1.1677201862e+07
-4.2380269763e+01 1.1612018051e+07
-4.2051447150e+01 1.1546501235e+07
-4.1722624537e+01 1.1480920732e+07
-4.1393801925e+01 1.1415074084e+07
-4.1064979312e+01 1.1349184004e+07
-4.0736156699e+01 1.1283088240e+07
-4.0407334086e+01 1.1216972460e+07
-4.0078511474e+01 1.1150632176e+07
-3.9749688861e+01 1.1084267367e+07
-3.9420866248e+01 1.1017697862e+07
-3.9092043635e+01 1.0951081093e+07
-3.8763221022e+01 1.0884310260e+07
-3.8434398410e+01 1.0817470707e+07
-3.8105575797e+01 1.0750526645e+07
-3.7776753184e+01 1.0683482090e+07
-3.7447930571e+01 1.0616365926e+07
-3.7119107959e+01 1.0549112413e+07
-3.6790285346e+01 1.0481818092e+07
-3.6461462733e+01 1.0414357488e+07
-3.6132640120e+01 1.0346846680e+07
-3.5803817507e+01 1.0279215002e+07
-3.5474994895e+01 1.0211484264e+07
-3.5146172282e+01 1.0143681229e+07
-3.4817349669e+01 1.0075725952e+07
-3.4488527056e+01 1.0007718746e+07
-3.4159704444e+01 9.9395950300e+06
-3.3830881831e+01 9.8714029772e+06
-3.3502059218e+01 9.8031595869e+06
-3.3173236605e+01 9.7348084139e+06
-3.2844413992e+01 9.6664120848e+06
-3.2515591380e+01 9.5979405988e+06
-3.2186768767e+01 9.5293978169e+06
-3.1857946154e+01 9.4608195787e+06
-3.1529123541e+01 9.3921886834e+06
-3.1200300929e+01 9.3235208183e+06
-3.0871478316e+01 9.2548259702e+06
-3.0542655703e+01 9.1860811277e+06
-3.0213833090e+01 9.1173012281e+06
-2.9885010477e+01 9.0484922443e+06
-2.9556187865e+01 8.9796333792e+06
-2.9227365252e+01 8.9107372656e+06
-2.8898542639e+01 8.8418100170e+06
-2.8569720026e+01 8.7728370315e+06
-2.8240897414e+01 8.7038205661e+06
-2.7912074801e+01 8.6347710072e+06
-2.7583252188e+01 8.5656839757e+06
-2.7254429575e+01 8.4965434024e+06
-2.6925606962e+01 8.4273678068e+06
-2.6596784350e+01 8.3581562406e+06
-2.6267961737e+01 8.2888982268e+06
-2.5939139124e+01 8.2195928437e+06
-2.5610316511e+01 8.1502497186e+06
-2.5281493899e+01 8.0808679372e+06
-2.4952671286e+01 8.0114392487e+06
-2.4623848673e+01 7.9419692455e+06
-2.4295026060e+01 7.8724820741e+06
-2.3966203447e+01 7.8029869646e+06
-2.3637380835e+01 7.7334918551e+06
-2.3308558222e+01 7.6639967456e+06
-2.2979735609e+01 7.5944959589e+06
-2.2650912996e+01 7.5249735801e+06
-2.2322090384e+01 7.4554159239e+06
-2.1993267771e+01 7.3858129358e+06
-2.1664445158e+01 7.3161615881e+06
-2.1335622545e+01 7.2464595982e+06
-2.1006799933e+01 7.1767364479e+06
-2.0677977320e+01 7.1070081334e+06
-2.0349154707e+01 7.0372798188e+06
-2.0020332094e+01 6.9675503350e+06
-1.9691509481e+01 6.8978052840e+06
-1.9362686869e+01 6.8280006141e+06
-1.9033864256e+01 6.7580927574e+06
-1.8705041643e+01 6.6880730107e+06
-1.8376219030e+01 6.6179459095e+06
-1.8047396418e+01 6.5477122596e+06
-1.7718573805e+01 6.4773706720e+06
-1.7389751192e+01 6.4069195007e+06
-1.7060928579e+01 6.3363570574e+06
-1.6732105966e+01 6.2656635008e+06
-1.6403283354e+01 6.1948099159e+06
-1.6074460741e+01 6.1237839929e+06
-1.5745638128e+01 6.0525821912e+06
-1.5416815515e+01 5.9812025159e+06
-1.5087992903e+01 5.9096434428e+06
-1.4759170290e+01 5.8378990141e+06
-1.4430347677e+01 5.7659541291e+06
-1.4101525064e+01 5.6937657958e+06
-1.3772702451e+01 5.6212740328e+06
-1.3443879839e+01 5.5484600392e+06
-1.3115057226e+01 5.4753193951e+06
-1.2786234613e+01 5.4018492158e+06
-1.2457412000e+01 5.3280125150e+06
-1.2128589388e+01 5.2538071641e+06
-1.1799766775e+01 5.1791940440e+06
-1.1470944162e+01 5.1041092896e+06
-1.1142121549e+01 5.0284488483e+06
-1.0813298936e+01 4.9523019969e+06
-1.0484476324e+01 4.8757073879e+06
-1.0155653711e+01 4.7985768961e+06
-9.8268310981e+00 4.7209429993e+06
-9.4980084854e+00 4.6426107356e+06
-9.1691858726e+00 4.5636330013e+06
-8.8403632598e+00 4.4839050486e+06
-8.5115406470e+00 4.4035039756e+06
-8.1827180343e+00 4.3222802175e+06
-7.8538954215e+00 4.2401429420e+06
-7.5250728087e+00 4.1570326189e+06
-7.1962501959e+00 4.0728537093e+06
-6.8674275832e+00 3.9874794591e+06
-6.5386049704e+00 3.9008628299e+06
-6.2097823576e+00 3.8128984895e+06
-5.8809597448e+00 3.7233895893e+06
-5.5521371320e+00 3.6319978086e+06
-5.2233145193e+00 3.5385603663e+06
-4.8944919065e+00 3.4428628098e+06
-4.5656692937e+00 3.3442612266e+06
-4.2368466809e+00 3.2424106964e+06
-3.9080240682e+00 3.1366808273e+06
-3.5792014554e+00 3.0263769902e+06
-3.2503788426e+00 2.9107514847e+06
-2.9215562298e+00 2.7886819727e+06
-2.5927336171e+00 2.6590924188e+06
-2.2639110043e+00 2.5203438653e+06
-1.9350883915e+00 2.3701810191e+06
-1.6062657787e+00 2.2054007596e+06
-1.2774431660e+00 2.0207023466e+06
-9.4862055319e-01 1.8072469370e+06
-6.1979794041e-01 1.5576933409e+06
-2.9097532764e-01 1.2755395770e+06
3.7847285140e-02 9.6212758647e+05
3.6666989792e-01 6.0786250948e+05
6.9549251069e-01 1.0000000000e+04
